8000,0
3500,4.83
501,0.08
502,0.09
503,4.93
5501,5.45
1001,0.07
504,0.08
505,5.42
1501,5.41
2501,5.41
2001,0.1
506,5.35
3001,5.18
2,0.09
507,0
3,0
4,0
508,0
5,5.35
5,0
6,0
3501,0
7,0
8,0
9,0
9,0
10,0
11,0
12,0
3503,0
13,0
14,0
15,0
3504,0
16,0.33
5502,0
17,0
18,5.31
4001,5.33
8501,0.41
1002,5.32
5001,5.28
7001,5.28
4501,5.27
8001,5.31
8001,5.31
6001,5.27
7501,5.33
9501,5.33
9001,0.74
1502,1.34
2002,0.78
8002,0.83
7502,0.82
1503,0.84
8502,0.83
9002,0.85
5002,0.83
9502,0.83
4502,0.84
7002,0.84
6502,0.84
6002,2.15
2502,0.77
1504,1.36
2003,3.13
3002,0.84
1505,3.63
510,0.09
511,0.09
512,0.09
513,0.09
514,0.83
1506,0.09
515,1.48
2004,0.09
516,0.09
517,2.33
2503,0.09
518,0.09
519,0.09
520,0.09
521,0.09
522,0.09
523,0.83
1507,0.09
524,0.09
525,0.09
526,0.09
527,0.1
528,0.09
529,5.39
19,0
20,0
21,0
22,0
23,0
24,0
25,0
26,0
27,0
28,0
29,0
30,0
31,0
32,0
33,0
34,0
35,0
36,0
37,0
38,0
39,0
40,0
41,0
42,0
43,0.01
44,0
45,0
46,0
47,0
48,0
49,0
50,0
51,0.09
530,0
52,0.01
531,0.01
53,0
532,0
54,0
533,0
55,0
534,0
56,0
56,0
57,0
536,0
58,0
537,0
59,0
538,0
60,0
539,0
61,0
540,0
62,0
541,0
63,0.01
542,0.01
64,0
543,0
65,0
544,0.01
66,0
545,0
67,0
546,0
68,0.01
547,0.01
69,0
548,0
70,0
549,0.01
71,0
550,0
72,0
551,0
73,0
552,0
74,1.47
2005,0
553,0
75,0
76,0
2006,0
2006,0
554,0
2007,0.81
1508,3.33
3003,0.84
1509,2.31
2504,1.26
78,0.01
79,0
80,0
81,0.01
82,0
83,0
84,0.01
85,0
86,0
87,0
88,0
89,0.01
90,0
91,0.01
92,0
93,0.01
94,0
95,0
96,0
97,0
98,0
99,0
100,0
101,0
102,0
103,0
104,0.01
105,0
106,0
107,0.01
108,0
109,1.36
555,0.01
110,0
111,0.01
112,0
113,0
114,0.01
115,0
116,0.01
117,0.01
118,0
119,0.01
120,0.01
121,0
122,0.01
123,0.01
124,0
125,0.1
556,0.01
126,0.01
127,0
128,1.49
2008,0.01
129,0
130,0
2009,0.01
131,0.01
132,0
133,0.01
134,0.01
135,0.01
136,0.01
137,0
138,0.1
557,0
139,0.01
140,0.01
141,0.01
142,0.01
143,0.01
144,0
145,0
146,0.01
147,0.01
148,0.01
149,0.01
150,0.1
558,0.01
151,0.01
152,0.01
153,0.01
154,0.01
155,0.01
156,0.82
1510,0.01
157,0.01
158,0.01
159,0.01
160,0.11
559,0.01
161,0.01
162,0.01
163,0
164,0.01
165,0.01
166,0.01
167,0.01
168,0.01
169,0.1
560,0.02
170,0.01
171,0.01
172,0.01
173,0.01
174,0.02
175,0.01
176,0.01
177,0.01
178,0.11
561,0.01
179,0.01
180,0.01
181,0.02
182,0.01
183,0.01
184,0.02
185,0.01
186,0.1
562,0.01
187,0.01
188,0.01
189,0.02
190,0.01
191,0.02
192,0.01
193,0.12
563,0.01
194,0.01
195,0.02
196,0.01
197,0.02
198,0.01
199,0.02
200,0.11
564,0.01
201,0.02
202,0.01
203,0.01
204,0.02
205,0.02
206,0.01
207,0.1
565,0.02
208,0.01
209,0.01
210,0.02
211,0.02
212,0.02
213,0.11
566,0.01
214,0.02
215,0.83
1511,0.02
216,0.02
217,0.01
218,0.01
219,0.11
567,0.02
220,0.02
221,0.02
222,0.02
223,0.02
224,0.11
568,0.02
225,0.02
226,0.02
227,0.02
228,0.02
229,0.02
230,0.1
569,0.02
231,0.02
232,0.02
233,0.02
234,0.02
235,0.1
570,0.02
236,1.48
2010,0.02
237,0.02
238,0.02
239,0.02
240,0.11
571,0.02
241,0.03
242,0.02
243,0.02
244,0.03
245,0.1
572,0.02
246,0.02
247,0.02
248,0.03
249,0.02
250,0.11
573,0.03
251,0.02
252,2.29
2505,0.02
253,0.02
254,0.11
574,0.83
1512,0.02
255,0.02
256,0.02
257,0.03
258,0.03
259,0.11
575,0.02
260,0.03
261,0.02
262,7.52
4503,0.02
263,0.11
576,0.03
264,0.02
265,0.03
266,0.02
267,0.12
577,0.02
268,0.03
269,0.03
270,0.02
271,0.11
578,0.03
272,0.03
273,0.03
274,0.03
275,0.11
579,0.02
276,0.03
277,0.02
278,0.03
279,0.12
580,0.03
280,0.03
281,3.31
3004,0.03
282,0.03
283,0.11
581,0.03
284,0.03
285,0.85
1513,0.03
286,0.03
287,0.11
582,0.03
288,0.03
289,0.03
290,0.11
583,0.03
291,0.04
292,1.5
2011,0.03
293,0.03
294,0.12
584,0.03
295,0.03
296,0.03
297,0.11
585,0.03
298,0.03
586,0.04
299,0.03
300,0.03
301,0.03
302,0.12
587,0.03
303,0.04
304,0.03
305,0.12
588,0.03
306,0.03
307,0.04
308,0.11
589,0.03
309,0.03
590,0.03
310,0.84
1514,0.04
311,0.04
312,0.03
313,0.12
591,0.03
314,0.03
315,0.03
316,0.12
592,0.03
317,0.03
318,9.36
5003,0.03
319,0.12
593,0.03
320,0.03
5004,0.03
321,0.03
322,0.12
594,0.04
323,0.04
324,2.27
2506,0.03
325,0.04
326,0.12
595,0.03
327,0.03
328,0.04
329,0.12
596,0.04
330,0.04
331,0.79
1515,0.03
332,1.43
2012,0.12
597,0.04
333,0.04
334,0.04
335,0.12
598,0.04
336,0.04
337,0.04
338,0.12
599,0.04
339,0.04
340,0.04
341,0.12
600,0.04
342,0.04
343,0.04
344,11.84
1003,0.12
601,0.04
345,0.04
346,0.04
347,0.12
602,0.04
348,0.04
349,0.04
350,0.12
603,0.04
351,0.78
1516,0.04
352,0.04
353,0.35
1004,0.12
604,0.04
354,0.05
355,0.04
356,0.12
605,0.05
357,0.04
358,0.04
359,0.12
606,0.05
360,0.04
361,0.35
1005,0.05
362,0.12
607,0.04
363,0.05
364,1.38
2013,0.13
608,3.15
3005,0.04
365,0.04
2014,0.04
609,0.05
366,0.04
3006,0.78
1517,0.36
1006,2.12
2507,0.33
1007,0.34
1008,0.76
1518,0.35
1009,0.34
1010,0.79
1519,0.35
1011,13.17
7003,13.13
6503,0.36
1012,13.43
6003,0.79
1520,2.13
2508,0.35
1013,2.91
2015,0.35
1014,3
367,3.03
610,0.05
368,3.05
3007,0.04
369,0.05
370,0.12
611,0.05
371,0.78
1521,6.99
4504,0.04
372,0.13
612,0.05
373,0.37
1015,0.05
613,0.05
374,0.05
375,0.05
614,0.04
376,0.05
377,0.12
615,0.05
378,0.05
379,0.05
380,0.13
616,0.36
1016,0.05
381,0.05
382,0.13
617,0.05
383,0.05
384,0.05
385,0.13
618,0.05
386,0.05
387,0.78
1522,0.13
619,0.05
388,0.37
1017,0.05
620,0.05
389,0.05
390,0.05
621,0.05
391,0.06
392,1.38
2016,0.13
622,0.05
393,0.05
394,0.13
623,0.05
395,0.37
1018,0.05
1018,0.05
396,0.05
625,0.05
397,0.05
397,0.05
398,0.05
398,0.05
399,2.13
2509,0.06
2509,0.06
400,0.06
401,0.06
629,0.78
1523,0.38
1019,0.05
402,0.06
403,0.13
630,0.05
404,0.06
405,0.14
631,0.05
406,0.05
407,0.06
408,0.37
1020,0.13
632,0.06
409,0.05
410,0.13
633,0.14
1021,0.06
411,0.06
412,0.06
413,0.13
634,0.06
414,0.06
415,0.79
1524,0.14
635,0.06
416,1.39
2017,0.06
417,0.38
1022,0.14
636,0.06
418,0.06
419,0.14
419,0.06
420,0.06
638,0.06
421,0.06
639,0.06
422,0.06
640,0.06
423,0.37
1023,0.06
641,0.06
424,3.07
3008,0.06
642,0.06
425,0.06
643,0.06
426,0.07
644,0.06
427,0.78
1525,0.06
645,0.06
428,0.06
646,0.06
429,0.38
1024,0.06
1024,0.06
430,0.07
648,0.07
431,8.49
5005,0.07
5005,0.07
649,0.14
649,0.14
649,2.13
650,0.38
1025,0.15
434,0.14
2511,0.14
651,0.06
435,1.38
2018,0.07
436,0.14
2512,0.14
652,0.06
437,0.79
1526,0.37
1026,0.07
653,0.06
653,0.06
438,0.06
438,0.06
2514,0.14
654,0.14
655,0.37
1027,0.15
656,0.14
657,0.36
1028,0.14
658,0.8
1527,0.15
659,0.15
660,0.37
1029,0.15
661,1.38
2019,0.15
662,0.36
1030,0.15
663,0.8
1528,20.24
7503,0.15
664,0.15
665,0.37
1031,0.15
666,3.08
3009,0.15
667,0.37
1032,0.16
668,2.11
440,2.16
2515,0.07
441,0.79
1529,0.06
442,0.15
669,0.06
443,0.07
444,0.15
670,0.37
1033,0.07
445,1.39
2020,0.06
446,0.15
671,0.06
447,0.07
448,0.16
672,0.08
449,6.85
4505,0.07
450,0.38
1034,0.15
673,0.06
451,0.07
674,0.07
452,0.8
1530,0.07
675,0.07
453,0.07
454,0.07
676,0.38
1035,0.15
455,0.16
677,0.07
456,0.07
457,0.15
678,0.07
458,0.07
459,0.15
679,0.38
1036,0.07
460,0.07
461,23.93
3505,0.16
680,0.06
462,0.8
1531,0.07
463,1.4
2021,0.15
681,0.07
681,0.07
464,0.37
1037,0.07
465,0.07
1533,22.91
8003,0.15
2022,0.16
682,0.07
466,0.07
683,0.08
467,0.08
2023,0.07
468,0.08
469,0.16
684,2.15
2516,0.38
1038,0.07
470,0.07
471,0.07
1039,0.16
685,0.08
472,0.07
473,0.17
686,0.09
474,0.07
475,0.16
687,0.8
1534,0.07
476,0.38
1040,0.08
477,0.16
688,3.09
3010,0.08
478,0.08
479,0.08
3011,0.16
689,0.37
1041,0.16
690,0.16
691,1.4
2024,0.16
692,0.8
1535,0.38
1042,0.17
693,0.16
694,0.37
1043,0.17
695,0.16
696,0.37
1044,0.81
1536,0.17
697,2.16
2517,0.16
698,0.38
1045,0.17
699,0.16
700,0.16
1046,1.4
2025,25.8
8503,0.16
701,0.8
1537,12.23
6004,0.17
702,0.38
1047,0.17
703,0.17
704,0.37
1048,8.49
5006,0.17
705,2.69
480,27.64
5503,0.07
706,0.08
5007,0.08
481,4.17
3506,0.79
1538,0.17
707,0.39
1049,3.09
3012,0.17
708,1.4
2026,0.17
709,28.35
4002,0.39
1050,0.16
710,2.14
2518,0.16
711,0.8
1539,0.38
1051,0.16
712,0.17
713,14.4
6504,0.17
714,0.38
1052,0.17
715,0.17
716,0.8
1540,6.86
4506,0.39
1053,1.4
2027,0.18
717,0.17
718,0.39
1054,0.37
4507,0.37
1541,0.18
719,0.17
1542,0.17
4508,0.17
720,0.38
1055,29.12
9003,0.18
721,0.18
4509,2.17
2519,0.4
1056,0.81
1543,1.4
2028,0.39
1057,3.09
3013,16.74
7004,0.38
1058,0.81
1544,0.38
1059,4.06
482,0.08
483,4.19
3507,4.2
5008,0.08
484,0.08
3508,0.07
485,0.08
5009,0.08
486,0.39
1060,0.08
487,0.08
488,1.4
2029,0.08
489,0.08
490,0.81
490,0.08
491,0.39
1061,0.08
492,0.08
1546,2.16
2520,0.39
1062,0.38
1063,0.75
493,0.81
1547,0.08
494,32.34
9503,0.08
495,5.46
4003,0.08
496,0.08
497,1.41
2030,0.39
1064,0.08
498,0.08
499,0.08
499,0.38
1065,3.08
3014,0.8
1548,2.13
2521,0.78
1549,1.36
2031,0.78
1550,5.58
4510,4.1
3509,5.95
722,0.17
723,1.34
2032,0.17
724,0.78
1551,0.17
725,0.17
726,2.06
2522,0.17
727,2.94
3015,2.95
1066,0.17
728,0.78
1552,0.17
729,0.37
1067,0.17
730,10.1
5504,1.34
2033,0.17
731,0.38
1068,0.17
732,0.17
733,0.78
1553,0.17
734,0.37
1069,0.17
735,0.17
736,0.38
1070,0.17
737,5.21
4004,0.78
1554,0.17
738,2.06
2523,11.98
6005,0.38
1071,1.34
2034,0.17
739,0.17
740,0.38
1072,0.18
741,0.17
742,0.77
1555,0.38
1073,0.17
743,4
4511,18.79
7504,0.18
744,2.95
3016,4.01
3510,0.39
1074,0.17
745,8.22
5010,0.17
746,1.35
2035,0.79
1556,0.17
747,0.38
1075,0.17
748,0.18
749,0.37
1076,2.07
2524,0.18
750,0.78
1557,0.18
751,0.38
1077,0.18
752,0.18
753,0.38
1078,1.34
2036,0.18
754,0.19
755,0.78
1558,0.38
1079,0.18
756,0.19
757,0.38
1080,0.19
758,0.18
759,13.92
6505,0.79
1559,0.38
1081,0.19
760,2.94
3017,2.06
2525,1.35
2037,0.19
761,0.38
1082,0.18
762,0.18
763,0.78
1560,0.39
1083,0.19
764,4.04
4512,0.19
765,5.2
4005,0.39
1084,0.19
766,4.01
3511,0.19
767,0.78
1561,0.39
1085,1.35
2038,0.19
768,0.19
769,0.39
1086,0.19
770,21.2
8004,0.19
771,2.06
2526,0.79
1562,0.38
1087,0.19
772,0.19
773,0.38
1088,0.19
774,1.35
2039,0.19
775,2.94
3018,0.79
1563,0.39
1089,0.2
776,0.19
777,0.39
1090,0.2
778,0.19
779,0.38
1091,0.79
1564,0.2
780,0.2
781,1.35
2040,0.2
782,2.07
2527,0.2
783,9.78
5505,16.42
7005,0.78
1092,0.8
1565,0.19
784,0.2
785,4.02
4513,0.4
1093,0.2
786,4
3512,0.19
787,8.11
5011,0.39
1094,0.8
1566,0.19
788,1.35
2041,0.19
789,0.39
1095,0.2
790,2.95
3019,0.2
791,0.4
1096,0.79
1567,5.18
4006,0.2
792,2.06
2528,0.2
793,0.4
1097,0.21
794,0.2
795,1.35
2042,0.4
1098,0.2
796,0.2
797,0.39
1099,0.21
798,23.72
8504,11.66
6006,0.21
799,0.4
1100,0.21
800,0.21
6007,0.2
801,0.39
1101,1.35
2043,0.2
802,2.08
2529,0.21
803,0.4
1102,0.21
804,2.96
3020,0.21
805,4.03
4514,0.4
1103,3.98
3513,0.21
806,0.21
807,0.39
1104,0.2
808,1.35
2044,0.21
809,0.4
1105,0.21
810,0.4
1106,0.21
811,0.22
812,2.07
2530,0.4
1107,0.21
813,0.21
814,1.35
2045,0.4
1108,0.21
815,4.88
1568,0.22
816,5.2
4007,0.4
1109,0.21
817,0.22
818,0.4
1110,2.95
3021,0.8
1569,0.22
819,0.21
820,0.41
1111,1.36
2046,0.21
821,2.07
2531,0.22
822,0.41
1112,0.79
1570,0.22
823,4.04
4515,0.22
824,0.41
1113,4
3514,0.22
825,0.4
1114,0.22
826,13.67
6506,8.11
5012,0.8
1571,26.36
9004,1.37
2047,0.23
827,0.24
1115,0.22
828,0.41
1116,0.22
829,9.79
5506,0.8
5013,0.8
1572,0.21
830,0.41
1117,0.22
831,0.22
1573,0.22
5014,2.06
2532,2.95
3022,0.41
1118,1.35
2048,18.17
7505,0.73
832,0.41
1119,0.79
1574,0.22
833,0.41
1120,0.22
834,0.23
835,0.41
1121,0.8
1575,0.23
836,1.37
2049,0.22
837,0.41
1122,5.2
4008,2.07
2533,0.22
838,0.22
838,0.23
2534,0.81
1576,0.42
1123,4.04
4516,4
3515,0.41
1124,1.37
1124,2.96
3023,0.8
1577,0.42
1125,0.41
1126,0.81
2051,0.8
2051,0.81
3024,0.41
1127,2.07
840,2.08
2535,0.41
3025,0.42
1579,0.41
1128,0.23
841,0.23
842,11.64
6008,0.41
1129,29.21
9504,0.23
843,0.8
1580,0.23
844,0.41
6009,0.42
1130,0.23
845,15.84
7006,0.41
6010,0.42
1131,0.23
846,0.23
7007,0.24
1132,0.23
847,0.23
6011,0.79
1581,0.23
7008,4.04
4517,3.98
3516,2.08
2536,2.88
2052,0.81
1582,0.81
6012,0.82
1133,5.2
4009,0.41
4009,0.41
6013,0.42
1134,2.98
3026,0.42
1584,0.42
6014,0.42
1135,20.7
8005,8.13
5015,0.41
1585,0.41
6015,0.42
1136,2.08
2537,0.42
1586,0.42
6016,0.42
1137,0.42
1137,0.42
1587,0.42
1138,9.75
5507,0.41
1588,0.42
6018,0.42
1139,0.42
6019,0.42
1140,2.96
3027,0.81
1589,4.04
4518,4
3517,0.41
6020,0.42
1141,2.08
2538,0.43
1142,0.82
1590,0.42
1143,0.42
1144,0.82
1591,0.42
1145,5.2
4010,13.68
6507,0.42
1146,2.09
2539,0.83
1592,2.46
4519,0.43
1147,2.97
3028,0.42
1148,0.78
1593,0.42
1149,0.5
1594,0.42
1150,4.02
3518,0.5
1595,0.43
1151,2.08
2540,0.49
1596,0.43
1152,0.43
1153,0.5
1597,0.43
1154,23.29
8505,0.51
1598,8.17
5016,2.97
3029,0.43
1155,10.66
848,0.5
1599,0.23
849,2.1
2541,0.43
1156,0.83
8506,10.23
2053,0.23
850,0.51
1600,0.24
851,0.43
1157,5.21
4011,0.23
852,0.51
1601,0.43
1158,0.24
853,0.24
854,0.5
1602,0.44
1159,0.24
855,1.37
2054,4.03
3519,0.23
856,18.18
7506,0.44
1160,0.51
1603,0.23
857,2.09
2542,0.23
858,0.43
1161,9.83
5508,6.24
4520,0.51
1604,0.22
859,2.98
3030,0.23
860,0.43
1162,0.51
1605,0.24
861,1.36
2055,0.24
862,0.44
1163,0.83
1163,0.83
4521,0.21
863,0.52
1606,0.44
1164,0.25
864,0.24
864,0.24
4522,0.21
865,0.51
1607,0.44
1165,0.24
866,2.1
2543,0.24
867,1.37
2056,0.51
1608,0.44
1166,0.24
868,0.24
869,0.44
1167,0.51
1609,0.24
870,0.24
871,15.9
7009,0.43
1168,2.97
3031,0.52
1610,11.86
6021,4
3520,1.38
2057,0.46
1169,0.44
7010,0.44
872,5.22
4012,0.55
1611,0.25
1611,0.24
7011,0.44
1170,2.09
2544,0.44
1171,0.84
1612,1.37
2058,0.44
1172,8.16
5017,0.45
1173,0.84
1613,0.45
1174,26.25
9005,2.98
3032,2.1
2545,1.38
2059,0.45
1175,0.85
1614,0.45
1614,0.45
2060,13.72
6508,0.85
1615,18.41
8006,3.99
3521,0.85
1616,6.57
5511,1.38
1177,1.38
2061,6.64
4523,2.11
2546,0.45
1178,0.85
1617,5.27
4013,0.44
1179,2.98
3033,0.46
1180,1.37
2062,0.85
1618,0.45
1181,0.45
1182,2.1
2547,0.85
1619,0.45
1183,1.38
2063,0.46
1184,0.85
1620,4.04
3522,0.45
1185,2.98
3034,0.45
1186,0.85
1621,1.38
2064,2.1
2548,0.47
1187,0.85
1622,0.46
1188,8.17
5018,0.45
1189,1.39
2065,0.85
1623,0.46
1190,5.27
4014,0.46
1191,2.1
2549,0.85
1624,6.63
4524,11.75
6022,0.46
1192,1.38
2066,2.98
3035,29.25
9505,4.02
3523,0.45
6023,0.47
1193,0.85
1625,0.46
6024,0.46
1194,1.39
2067,0.85
1626,0.46
1195,0.46
6025,2.1
2550,0.86
1627,18.18
7507,1.39
2068,9.81
5512,2.99
3036,0.86
1628,2.11
2551,0.86
1629,1.39
2069,4.02
3524,5.26
4015,15.59
874,0.24
875,15.92
7012,0.86
1630,12.68
8007,0.24
876,0.24
877,0.25
878,1.39
2070,13.7
6509,0.86
1631,0.25
879,2.11
2552,2.99
3037,0.25
880,23.41
8507,0.25
881,6.6
4525,8.14
5019,0.25
882,0.86
1632,0.25
883,1.38
2071,0.25
884,0.25
885,0.86
1633,0.25
886,0.25
887,2.11
2553,0.25
888,0.26
889,0.86
1634,1.39
2072,4.02
3525,2.99
3038,5.28
4016,1.37
890,1.39
1635,1.39
2073,0.26
891,2.12
2554,0.25
892,0.25
893,0.25
894,0.25
895,1.38
1636,1.39
2074,0.25
896,0.25
897,0.26
898,2.99
3039,0.87
1637,0.26
899,2.11
2555,10.84
1196,0.26
900,4.03
3526,1.4
2075,0.26
901,9.83
5513,0.46
1197,0.25
902,0.88
1638,6.64
4526,0.26
903,11.75
6026,0.46
1198,0.26
904,0.26
905,0.46
1199,0.88
1639,0.27
906,1.4
2076,0.47
1200,0.26
907,2.11
2556,0.26
908,0.47
1201,8.16
5020,0.27
909,0.89
1640,0.91
2077,5.22
4017,0.27
910,3
3040,0.46
1202,0.27
911,0.27
912,0.46
1203,0.88
1641,0.85
2078,0.27
913,0.46
1204,0.27
914,0.28
915,4.03
3527,0.88
1642,2.12
2557,0.47
1205,0.85
2079,0.27
916,0.16
2080,0.28
917,0.47
1206,0.27
918,26.27
9006,0.88
1643,0.27
919,0.47
1207,0.86
2081,0.28
920,0.47
1208,0.27
921,2.99
3041,0.28
922,0.88
1644,0.47
1209,0.86
2082,0.27
923,2.12
2558,0.28
924,0.47
1210,0.28
925,0.88
1645,0.86
2083,0.28
926,0.48
1211,13.7
6510,6.63
4527,0.28
927,14.92
8008,0.48
1212,0.28
928,0.88
1646,5.22
4018,0.28
929,0.87
2084,0.48
1213,0.28
930,4.03
3528,2.12
2559,0.28
931,15.92
7013,0.48
1214,18.21
7508,0.88
1647,2.99
3042,0.28
932,0.87
2085,0.47
1215,0.28
933,0.28
934,0.47
1216,0.89
1648,0.29
935,0.87
2086,0.29
936,0.47
1217,0.28
937,9.85
5514,0.88
1649,0.48
1218,0.28
938,0.86
2087,8.16
5021,2.13
2560,0.27
939,0.48
1219,0.28
940,0.88
1650,0.29
941,0.48
1220,0.28
942,3.01
3043,0.3
943,0.49
1221,0.89
1651,0.29
944,4.05
3529,0.49
1222,0.28
945,11.76
6027,2.14
2561,0.28
946,0.48
1223,0.88
1652,0.29
947,5.24
4019,0.29
948,0.49
1224,0.29
949,0.49
1225,0.88
1653,0.3
950,6.65
4528,0.3
951,0.49
1226,0.3
952,3.01
3044,0.88
1654,0.49
1227,0.3
953,2.13
2562,0.29
954,0.49
1228,4.81
2088,0.54
1655,0.3
955,0.3
956,0.49
1229,0.54
1656,0.3
957,0.49
1230,4.03
3530,0.3
958,1.12
2089,0.3
959,0.81
1657,0.49
1231,0.3
960,2.13
2563,29.31
9506,0.3
961,0.49
1232,0.94
2090,23.46
8508,0.74
1658,0.29
962,3.02
3045,0.49
1233,0.26
963,0.54
1659,0.3
964,0.5
1234,5.24
4020,0.3
965,0.61
1660,0.29
966,8.17
5022,0.5
1235,0.3
967,2.13
2564,0.49
1236,0.31
968,9.14
5515,0.89
1661,0.3
969,0.49
1237,0.3
970,0.3
971,0.5
1238,4.04
3531,0.89
1662,0.31
972,6.64
4529,3
3046,0.5
1239,0.3
973,13.73
6511,0.3
974,2.13
2565,0.5
1240,0.9
1663,0.31
975,0.31
976,0.5
1241,0.31
977,0.89
1664,0.5
1242,0.31
978,0.31
979,0.49
1243,0.31
980,0.89
1665,0.49
1244,0.31
981,2.13
2566,5.24
4021,0.32
982,3.01
3047,0.5
1245,0.31
983,0.9
1666,0.33
984,0.51
1246,4.05
3532,15.95
7014,11.77
6028,0.32
985,0.66
1667,0.5
1247,0.32
986,0.55
1668,0.32
987,0.5
1248,2.13
2567,0.32
988,0.51
1249,0.32
989,0.75
1669,0.32
990,0.51
1250,0.31
991,3.01
3048,18.25
7509,0.5
1251,0.31
992,0.9
1670,8.17
5023,0.32
993,6.66
4530,0.52
7510,0.52
1252,0.33
994,2.13
2568,0.91
1671,0.32
995,0.5
1253,0.51
7511,0.32
996,10.84
2091,20.8
8009,0.51
1254,0.33
997,4.05
3533,0.91
1672,0.32
998,5.25
4022,0.5
1255,0.32
999,0.87
2092,9.87
5516,0.51
1256,0.32
1256,0.85
1673,3.01
3049,2.13
2569,0.49
1257,0.53
1674,0.97
2093,0.49
1258,0.52
1675,0.49
1259,0.52
1676,26.22
9007,0.49
1260,1.3
2094,2.03
2570,0.49
1261,0.74
1677,3.6
3534,0.82
2095,0.49
1262,2.87
3050,0.86
1678,0.49
1263,0.83
2096,12.29
6512,0.49
1264,0.86
1679,6.42
4531,0.49
1265,5
4023,2.03
2571,0.82
2097,0.49
1266,2.34
3535,0.87
1680,0.82
2098,7.89
5024,0.49
1267,1.35
2572,0.5
1268,0.87
1681,2.86
3051,0.82
2099,0.49
1269,11.42
6029,0.86
1682,0.49
1270,0.82
2100,2.34
3536,0.49
1271,0.87
1683,0.83
2101,2.03
2573,0.5
1272,0.5
1273,0.88
1684,0.83
2102,0.5
1274,2.86
3052,9.36
5517,0.87
1685,0.5
1275,4.97
4024,0.83
2103,2.34
3537,2.04
2574,0.5
1276,0.83
2104,0.87
1686,0.51
1277,15.38
7015,6.31
4532,22.85
8509,0.83
2105,0.87
1687,2.86
3053,2.04
2575,0.83
2106,0.87
1688,2.35
3538,0.83
2107,0.88
1689,7.75
5025,1.36
2576,0.83
2108,0.88
1690,4.98
4025,2.34
3539,0.83
2109,0.88
1691,2.87
3054,0.83
2110,2.04
2577,0.88
1692,17.37
7512,28.42
9507,0.83
2111,0.88
1693,13
6513,2.35
3540,6.3
4533,0.84
2112,0.88
1694,2.04
2578,2.86
3055,11.15
6030,0.83
2113,0.88
1695,9.34
5518,0.83
2114,19.77
8010,0.88
1696,2.36
3541,4.98
4026,2.04
2579,0.84
2115,0.88
1697,0.84
2116,2.87
3056,0.89
1698,7.75
5026,0.85
2117,2.05
2580,2.37
3542,0.92
1699,0.86
2118,0.89
1700,0.84
2119,6.33
4534,2.88
3057,2.05
2581,0.89
1701,0.86
2120,2.41
3543,4.99
4027,0.89
1702,0.84
2121,0.89
1703,0.84
2122,14.95
1278,2.05
2582,15.11
7016,0.5
1279,2.86
3058,0.88
1704,2.35
3544,0.85
2123,0.5
1280,24.96
9008,0.51
1281,0.89
1705,0.84
2124,0.5
1282,2.05
2583,9.36
5519,0.84
2125,0.5
1283,0.89
1706,2.35
3545,7.77
5027,11.16
6031,0.84
2126,0.9
1284,0.9
1707,2.86
3059,4.98
4028,0.51
1285,6.3
4535,0.84
2127,2.05
2584,13.03
6514,0.89
1708,0.51
1286,0.51
1287,0.85
2128,0.9
1709,2.36
3546,0.51
1288,0.85
2129,0.51
1289,0.9
1710,2.06
2585,2.88
3060,0.51
1290,0.85
2130,0.51
1291,0.9
1711,0.52
1292,22.23
8510,0.84
2131,17.31
7513,2.37
3547,0.91
1712,0.51
1293,2.06
2586,0.86
2132,0.51
1294,0.9
1713,5
4029,1.4
8511,0.51
1295,0.85
2133,2.87
3061,0.52
1296,0.91
1714,0.52
1297,0.85
2134,2.37
3548,6.32
4536,2.05
2587,0.5
1298,0.89
1715,7.74
5028,0.86
2135,0.52
1299,0.92
1716,0.52
1300,9.39
5520,0.86
2136,2.88
3062,0.52
1301,0.9
1717,2.06
2588,2.06
4537,2.36
3549,0.86
2137,0.52
3063,0.52
1302,19.71
8011,0.52
3064,0.52
1303,0.9
1718,0.86
2138,4.99
4030,0.52
3065,0.52
1304,0.91
1719,0.52
3066,0.52
1305,11.15
6032,0.85
2139,2.06
2589,2.36
3550,0.86
1720,15.11
7017,0.86
2140,0.91
1721,0.86
2141,2.06
2590,0.91
1722,0.86
2142,2.37
3551,13.04
6515,0.91
1723,0.86
2143,27.76
9508,7.76
5029,2.06
2591,0.86
2144,0.91
1724,6.32
4538,4.98
4031,0.86
2145,2.37
3552,0.91
1725,0.85
2146,0.92
1726,2.06
2592,9.35
5521,0.86
2147,0.91
1727,2.37
3553,0.86
2148,0.92
1728,2.07
2593,0.86
2149,0.91
1729,4.98
4032,0.92
2150,0.75
1730,2.36
3554,0.56
1731,10.35
1306,2.05
2594,17.23
7514,10.47
3067,6.32
4539,0.56
1732,0.53
1307,1.42
2151,11.16
6033,0.56
1733,0.52
1308,24.94
9009,0.57
1734,0.52
1309,7.77
5030,2.39
3555,1.42
2152,0.53
1310,0.56
1735,2.08
2595,0.53
1311,0.56
1736,2.93
3068,0.53
1312,0.56
1737,1.43
2153,0.53
1313,0.56
1738,5
4033,0.53
1314,2.07
2596,2.38
3556,0.56
1739,0.53
1315,1.43
2154,0.56
1740,0.57
3557,0.53
1316,13.02
6516,15.09
7018,9.35
5522,0.53
1317,2.89
3069,2.06
2597,1.42
2155,0.53
1318,22.22
8512,6.33
4540,0.53
1319,2.37
1741,2.39
3558,0.54
1320,1.43
2156,19.68
8012,0.56
1742,0.54
1321,2.06
2598,0.57
1743,0.53
1322,2.89
3070,4.98
4034,0.53
1323,0.56
1744,1.43
2157,7.77
5031,0.53
1324,0.56
1745,2.38
3559,0.54
1325,0.57
1746,2.08
2599,1.43
2158,0.53
1326,0.57
1747,0.54
1327,0.56
1748,2.89
3071,0.54
1328,0.56
1749,11.15
6034,1.43
2159,2.4
3560,0.54
1329,0.56
1750,2.08
2600,0.54
1330,6.34
4541,0.57
1751,0.54
1331,1.44
2160,0.57
1752,0.54
1332,5
4035,0.57
1753,0.54
1333,2.39
3561,2.07
2601,2.89
3072,0.57
1754,1.44
2161,0.55
1334,9.36
5523,0.57
1755,0.55
1335,0.57
1756,0.55
1336,1.44
2162,0.58
1757,0.55
1337,2.08
2602,2.38
3562,0.57
1758,7.79
5032,0.55
1338,17.31
7515,2.9
3073,0.57
1759,0.54
1339,1.43
2163,0.57
1760,0.55
1340,13.02
6517,2.08
2603,0.57
1761,0.54
1341,5
4036,1.43
2164,6.33
4542,2.39
3563,0.58
1762,0.55
1342,0.58
1763,0.55
1343,2.9
3074,0.58
1764,0.56
1344,15.09
7019,1.44
2165,2.08
2604,0.55
1345,0.58
1765,27.77
9509,0.55
1346,0.58
1766,2.39
3564,1.43
2166,0.56
1347,0.58
1767,0.56
1348,0.58
1768,2.08
2605,11.15
6035,3.89
4543,2.9
3075,0.56
1349,0.59
1769,1.44
2167,0.56
1350,5
4037,0.58
1770,2.4
3565,9.36
5524,0.56
1351,0.58
1771,7.77
5033,0.96
4038,2.08
2606,0.56
1352,1.44
2168,0.59
1772,0.58
1353,0.58
1773,0.56
1354,2.9
3076,24.89
9010,0.59
1774,1.45
2169,2.4
3566,0.57
1355,0.59
1775,2.09
2607,0.57
1356,19.67
8013,0.59
1776,0.56
1357,1.45
2170,0.58
1777,0.56
1358,22.2
8513,0.58
1778,2.39
3567,0.56
1359,2.9
3077,2.09
2608,0.58
1779,1.44
2171,0.57
1360,6.34
4544,0.6
1780,5.02
4039,0.56
1361,0.59
1781,0.56
1362,1.44
2172,0.59
1782,0.57
1363,2.09
2609,2.39
3568,13.01
6518,0.59
1783,2.9
3078,1.45
2173,0.58
1784,7.76
5034,0.59
1785,2.08
1785,2.09
1364,0.6
1786,1.46
2174,2.4
3569,9.35
5525,0.57
2611,0.57
1365,0.59
1787,11.18
6036,0.58
6036,0.58
1366,17.29
7516,1.12
2175,0.83
1788,2.91
3079,5
4040,0.88
2176,15.11
7020,0.97
1789,6.33
4545,0.88
2177,0.98
1790,0.89
2178,2.9
3080,0.98
1791,0.88
2179,0.98
1792,0.88
2180,5.74
3570,0.99
1793,5
4041,0.89
2181,7.69
5035,2.91
3081,0.99
1794,0.89
2182,0.99
1795,2.39
3571,0.89
2183,6.33
4546,0.99
1796,0.89
2184,9.38
5526,2.91
3082,0.89
2185,0.99
1797,2.4
3572,13.04
6519,0.89
2186,0.98
1798,5.02
4042,11.17
6037,0.9
2187,0.99
1799,0.89
2188,2.91
3083,2.4
3573,1
1800,19.69
8014,0.9
2189,1
1801,0.9
2190,7.79
5036,6.37
4547,1
1802,27.72
9510,2.41
3574,0.9
2191,14.69
2613,2.93
3084,1
1803,0.9
2192,5.03
4043,1
1804,22.23
8514,15.13
7021,0.9
2193,24.88
9011,16.61
1367,2.1
2614,2.4
3575,1
1805,0.89
2194,0.57
1368,2.92
3085,0.58
1369,9.38
5527,17.91
7517,0.89
2195,1.01
1806,0.57
1370,2.08
2615,0.78
1807,0.56
1371,0.89
2196,0.58
1372,0.61
1808,2.85
3576,0.9
2197,0.59
1373,0.61
1809,6.33
4548,5.01
4044,0.58
1374,0.61
1810,0.91
2198,3.14
3086,2.1
2616,0.58
1375,7.79
5037,0.61
1811,0.91
2199,0.58
1376,0.62
1812,11.17
6038,1.01
5038,0.58
1377,0.91
2200,0.61
1813,13.06
6520,0.58
1378,2.09
2617,0.61
1814,0.9
2201,0.59
1379,3.92
3577,0.61
1815,2.95
3087,0.59
1380,0.91
2202,0.62
1816,0.58
1381,0.61
1817,2.1
2618,0.91
2203,0.58
1382,5.01
4045,0.61
1818,0.59
1383,0.9
2204,0.62
1819,0.6
1384,6.35
4549,2.95
3088,0.62
1820,0.9
2205,0.58
1385,9.36
5528,2.12
2619,0.61
1821,3.92
3578,0.58
1386,0.9
2206,0.61
1822,0.59
1387,0.63
1823,0.6
1388,0.92
2207,0.62
1824,2.12
2620,0.6
1389,2.96
3089,0.91
2208,0.61
1825,0.59
1390,7.79
5039,5.03
4046,0.62
1826,0.6
1391,0.92
2209,0.62
1827,0.59
1392,15.11
7022,3.93
3579,2.1
2621,0.91
2210,0.62
1828,0.59
1393,19.67
8015,0.6
1394,0.62
1829,0.96
2211,2.96
3090,6.35
4550,0.62
1830,11.16
6039,1
1395,0.92
2212,2.1
2622,0.62
1831,0.6
1396,0.62
1832,0.91
2213,0.6
1397,0.63
1833,17.3
7518,0.6
1398,0.92
2214,3.93
3580,5.04
4047,0.63
1834,2.95
3091,2.11
2623,0.59
1399,13.06
6521,0.63
1835,0.91
2215,0.6
1400,9.38
5529,0.62
1836,0.6
1401,0.92
2216,0.63
1837,0.6
1402,2.11
2624,7.78
5040,0.93
2217,0.63
1838,0.61
1403,22.21
8515,2.95
3092,0.63
1839,0.6
1404,0.92
2218,6.34
4551,3.92
3581,0.64
1840,0.61
1405,0.92
2219,2.11
2625,0.63
1841,0.61
1406,5.02
4048,0.63
1842,0.61
1407,0.91
2220,24.86
9012,0.63
1843,0.61
1408,2.95
3093,0.92
2221,0.64
1844,0.62
1409,27.69
9511,2.12
2626,0.61
1410,0.63
1845,0.92
2222,0.61
1411,0.64
1846,3.93
3582,3.93
4552,0.93
2223,0.62
1412,0.64
1847,2.12
2627,11.15
6040,0.62
1413,0.63
1848,0.92
2224,2.95
3094,0.61
1414,0.63
1849,5.03
4049,0.62
1415,7.79
5041,0.63
1850,9.38
5530,1.63
2225,0.62
1416,2.11
2628,0.65
1851,15.13
7023,0.62
1417,0.63
1852,0.93
2226,0.61
1418,2.95
3095,0.64
1853,0.93
2227,0.61
1419,0.64
1854,2.12
2629,0.62
1420,0.65
1855,0.93
2228,13.04
6522,0.62
1421,0.64
1856,6.35
3583,6.36
4553,0.93
2229,0.62
1422,0.64
1857,2.94
3096,2.12
2630,5.03
4050,0.62
1423,0.93
2230,0.64
1858,0.62
1424,0.62
4051,0.65
1859,0.93
2231,19.7
8016,0.65
1860,17.29
7519,2.13
2631,0.94
2232,0.65
1861,2.95
3097,0.65
1862,7.81
5042,3.94
5042,0.94
2233,0.64
1863,0.94
2234,0.65
1864,2.12
2632,1.53
3585,9.37
5531,0.65
1865,11.21
6041,0.95
2235,0.65
1866,6.38
4554,5.02
1425,2.95
3098,5.04
4052,0.94
2236,0.64
1867,0.63
1426,2.13
2633,0.65
1868,0.93
2237,0.63
1427,0.65
1869,0.63
1428,0.94
2238,0.64
1870,0.63
1429,2.13
2634,3.95
3586,2.95
3099,0.94
2239,0.65
1871,0.63
1430,0.66
1872,0.63
1431,0.94
2240,22.29
8516,0.66
1873,0.63
1432,0.94
2241,2.14
2635,0.65
1874,7.81
5043,0.63
1433,5.04
4053,15.12
7024,0.65
1875,0.63
1434,13.05
6523,0.94
2242,2.95
3100,6.36
4555,0.66
1876,0.63
1435,0.94
2243,3.96
3587,0.65
1877,0.63
1436,2.13
2636,0.66
1878,0.64
1437,0.95
2244,0.64
1438,0.66
1879,9.39
5532,0.94
2245,2.94
3101,0.63
1439,0.67
1880,2.14
2637,0.65
1881,0.95
2246,24.91
9013,1.05
1440,1.06
3102,5.05
4054,0.66
1882,11.21
6042,0.95
2247,0.64
1441,3.95
3588,0.66
1883,0.64
1442,2.15
2638,0.95
2248,0.66
1884,0.63
1443,0.69
1885,0.95
2249,6.39
4556,0.64
1444,7.83
5044,0.67
1886,2.96
3103,0.64
1445,27.75
9512,0.95
2250,2.13
2639,17.35
7520,0.66
1887,0.64
1446,0.66
1888,0.95
2251,0.63
1447,3.95
3589,0.67
1889,0.64
1448,5.04
4055,19.74
8017,0.95
2252,0.67
1890,2.14
2640,0.64
1449,2.96
3104,0.95
2253,0.74
1891,0.65
1450,0.68
1892,0.64
1451,0.95
2254,0.64
1452,0.67
1893,9.38
5533,2.14
2641,0.95
2255,0.64
1453,0.67
1894,3.94
3590,13.04
6524,2.96
3105,6.37
4557,0.64
1454,0.67
1895,0.95
2256,0.65
1455,0.67
1896,2.14
2642,0.96
2257,15.12
7025,0.65
1456,0.67
1897,7.81
5045,0.65
7026,0.65
1457,0.96
2258,0.67
1898,11.18
6043,0.66
7027,0.65
1458,0.68
1899,2.96
3106,0.96
2259,2.15
2643,0.65
2643,0.65
1459,0.66
1900,3.95
3591,0.95
2260,0.67
1901,1.09
1460,1.12
7029,0.68
1902,0.96
2261,0.65
1461,2.15
2644,0.68
1903,2.96
3107,0.65
1462,0.95
2262,0.67
1904,6.39
4558,0.66
1463,0.68
1905,0.96
2263,0.66
1464,2.15
2645,0.67
1906,22.27
8517,3.98
3592,0.66
1465,0.97
2264,9.39
5534,0.67
1907,0.66
1466,2.97
3108,0.96
2265,0.68
1908,0.66
1467,7.82
5046,2.15
2646,0.68
1909,0.96
2266,0.67
1468,0.68
1910,0.66
1469,0.96
2267,0.68
1911,0.66
1470,3.96
3593,0.68
1912,2.15
2647,0.96
2268,2.96
3109,17.31
7521,0.66
1471,0.68
1913,0.66
1472,0.96
2269,6.37
4559,13.04
6525,0.68
1914,0.66
1473,0.97
2270,0.68
1915,11.2
6044,0.67
1474,2.15
2648,0.69
1916,0.69
2271,0.67
1475,2.96
3110,0.68
1917,0.67
1476,0.96
2272,19.27
4056,3.96
3594,0.68
1918,24.89
9014,0.67
1477,19.74
8018,2.15
2649,0.98
2273,0.69
1919,0.67
1478,0.68
1920,0.67
1479,0.97
2274,7.81
5047,9.39
5535,2.97
3111,0.69
1921,0.67
1480,2.15
2650,0.97
2275,0.69
1922,0.67
1481,6.37
4560,0.68
1923,0.97
2276,0.68
1482,3.97
3595,15.17
7030,0.7
1924,0.68
1483,0.97
2277,2.15
2651,0.69
1925,5.05
4057,0.68
1484,2.98
3112,0.97
2278,0.69
1926,0.68
1485,0.68
1486,0.69
1927,0.97
2279,27.75
9513,2.16
2652,0.69
1928,1.14
1487,0.97
2280,0.7
1929,3.96
3596,2.97
3113,0.68
1488,0.69
1930,0.97
2281,0.67
1489,2.16
2653,0.69
1931,11.21
6045,0.97
2282,7.82
5048,0.68
1490,0.7
1932,6.38
4561,5.05
4058,0.68
1491,13.07
6526,0.98
2283,0.7
1933,0.68
1492,2.97
3114,2.15
2654,0.7
1934,9.39
5536,0.98
2284,0.69
1493,3.96
3597,0.7
1935,0.69
1494,0.98
2285,0.7
1936,0.68
1495,0.7
1937,2.16
2655,0.98
2286,17.32
7522,0.68
1496,2.98
3115,0.7
1938,22.25
8518,0.69
1497,0.99
2287,0.7
1939,0.69
1498,5.06
4059,0.99
2288,0.71
1940,2.17
2656,0.69
1499,3.98
3598,0.7
1941,6.38
4562,0.99
2289,0.69
2289,0.68
1942,2.95
3116,7.78
5049,0.93
2290,0.66
1943,2.1
2657,0.66
1944,0.93
2291,1.52
5050,0.67
1945,0.93
2292,15
7031,0.67
1946,3.79
3599,2.05
2658,2.81
3117,19.52
8019,1.1
5051,4.85
4060,0.93
2293,0.66
1947,10.98
6046,9.17
5537,0.67
1948,0.93
2294,0.67
1949,2.05
2659,0.92
2295,0.67
1950,6.04
4563,2.82
3118,0.67
1951,0.93
2296,12.7
6527,3.76
3600,0.67
1952,2.05
2660,0.94
2297,0.66
1953,24.43
9015,4.78
4061,0.93
2298,11.27
7523,0.67
1954,2.86
3119,0.67
1955,0.93
2299,2.05
2661,0.68
1956,0.94
2300,0.68
1957,3.76
3601,7.4
5052,0.67
1958,0.93
2301,2.05
2662,0.68
1959,2.83
3120,6.03
4564,0.93
2302,0.68
1960,8.88
5538,0.94
2303,4.78
4062,0.68
1961,2.05
2663,0.68
1962,0.94
2304,3.76
3602,10.59
6047,0.68
1963,2.83
3121,0.94
2305,0.68
1964,2.06
2664,0.94
2306,0.68
1965,0.69
1966,0.94
2307,26.78
9514,14.32
7032,0.68
1967,2.83
3122,2.06
2665,0.94
2308,4.78
4063,0.69
1968,6.05
4565,3.77
3603,7.4
5053,10.01
7524,0.94
2309,0.77
1969,21.15
8519,12.34
6528,0.69
1970,0.94
2310,2.05
2666,0.69
1971,2.83
3123,0.94
2311,0.69
1972,0.69
1973,0.95
2312,2.06
2667,8.89
5539,3.77
3604,18.64
8020,0.69
1974,0.94
2313,4.79
4064,0.68
1975,2.83
3124,0.95
2314,0.68
1976,2.07
2668,6.03
4566,0.68
1977,0.95
2315,0.69
1978,10.59
6048,0.95
2316,0.69
1979,7.4
5054,3.76
3605,2.06
2669,2.82
3125,0.95
2317,0.69
1980,0.69
1981,0.95
2318,4.8
4065,0.69
1982,2.06
2670,0.95
2319,0.69
1983,10
7525,2.83
3126,0.69
1984,0.95
2320,3.77
3606,0.7
1985,6.04
4567,0.96
4567,2.07
2321,0.69
1986,8.89
5540,0.95
2322,0.69
1987,12.33
6529,14.31
7033,1.56
2672,23.56
9016,2.84
3127,0.69
1988,0.96
2323,4.79
4066,0.69
1989,0.95
2324,7.39
5055,0.7
1990,3.76
3607,2.07
2673,0.96
2325,0.7
1991,2.84
9017,2.84
3128,0.69
1992,0.96
2326,0.69
1993,10.59
6049,2.08
2674,0.96
2327,1.15
2327,1.15
9018,0.71
1994,6.04
4568,0.96
2328,3.72
3608,4.8
4067,0.96
2329,2.08
2675,10.02
7526,0.96
2330,3.2
1995,8.9
5541,0.96
2331,20.98
8520,2.08
2676,0.7
1996,7.41
5056,0.97
2332,0.7
1997,18.6
8021,0.71
1998,0.96
2333,4.71
3609,4.8
4068,2.08
2677,0.7
1999,6.06
3130,6.05
4569,6.05
9019,0.97
2334,0.71
2334,26.09
9515,0.93
2335,12.3
6530,2.01
2678,0.91
2336,2.72
3131,0.91
2337,3.61
2337,1.3
3610,14.16
7034,10.28
6050,0.92
2338,5.84
5057,4.58
4069,0.91
2339,2.18
2680,2.68
3132,0.9
2340,9.71
7527,8.58
5542,3.58
3611,0.91
2341,1.6
2681,0.91
2342,2.7
3133,1.21
2682,4.28
5058,0.92
2343,4.53
4070,1.2
2683,0.91
2344,3.59
3612,0.91
2345,1.2
2684,2.69
3134,0.91
2346,1.21
2685,0.91
2347,4.27
5059,1.2
2686,11.65
6531,0.91
2348,4.52
4071,2.68
3135,10.02
6051,3.55
3613,0.93
2349,1.2
2687,8.39
5543,0.92
2350,1.19
2688,9.46
7528,0.92
2351,2.68
3136,17.69
8022,1.21
2689,13.51
7035,0.93
2352,4.25
5060,3.56
3614,19.97
8521,1.2
2690,4.53
4072,0.92
2353,0.93
2354,2.68
3137,1.2
2691,0.92
2355,1.2
2692,0.92
2356,3.57
3615,4.26
5061,1.21
2693,2.68
3138,0.92
2357,4.53
4073,22.21
9020,0.93
2358,1.21
2694,8.38
5544,22.55
4570,0.94
2359,9.99
6052,1.21
2695,2.71
3139,0.93
2360,3.58
3616,11.67
6532,9.44
7529,1.21
2696,0.93
2361,4.29
5062,24.73
9516,0.93
2362,1.21
2697,4.53
4074,2.69
3140,0.93
2363,1.22
2698,0.93
2364,3.59
3617,5.72
5545,5.73
4571,1.21
2699,0.93
2365,2.7
3141,4.38
5063,1.22
2700,0.94
2366,13.57
7036,0.93
2367,1.22
2701,4.54
4075,3.58
3618,0.94
2368,2.7
3142,1.22
2702,0.94
2369,1.21
2703,0.94
2370,17.55
8023,10
6053,4.27
5064,9.45
7530,5.7
5546,5.7
4572,0.94
2371,1.22
2704,2.69
3143,3.57
3619,0.93
2372,4.51
4076,1.22
2705,11.65
6533,0.94
2373,1.22
2706,0.94
2374,19.8
8522,2.69
3144,1.22
2707,0.94
2375,4.27
5065,3.57
3620,5.7
5547,5.7
4573,2.7
3145,4.52
4077,3.65
2708,3.58
3621,4.29
2376,4.3
5066,2.71
3146,1.23
2709,0.94
2377,9.46
7531,9.97
6054,10.02
8024,13.51
7037,1.22
2710,22.19
9021,0.95
2378,4.53
4078,0.94
2379,1.22
2711,2.7
3147,5.7
5548,5.71
4574,3.57
3622,0.95
2380,1.22
2712,4.28
5067,0.95
2381,11.66
6534,1.23
2713,0.95
2382,2.71
3148,0.94
2383,1.22
2714,4.54
4079,3.57
3623,24.7
9517,0.94
2384,1.23
2715,2.71
3149,0.94
2385,4.27
5068,5.7
4575,1.23
2716,0.95
2386,1.23
2717,9.43
7532,0.95
2387,3.59
3624,9.99
6055,2.71
3150,4.54
4080,0.95
2388,1.23
2718,8.39
5549,0.95
2389,1.23
2719,4.28
5069,0.96
2390,2.71
3151,1.23
2720,3.59
3625,0.96
2391,19.8
8523,13.49
7038,5.72
4576,0.95
2392,1.23
2721,4.55
4081,0.95
2393,1.23
2722,2.7
3152,11.63
6535,0.96
2394,4.29
5070,3.59
3626,1.3
2723,0.96
2395,17.55
8025,0.95
8025,1.23
2396,2.71
3153,9.44
7533,8.41
5550,1
2725,1
2397,5.71
4577,4.54
4082,9.98
6056,0.95
2398,3.6
3627,1.24
2726,4.28
5071,0.96
2399,2.72
3154,1.23
2727,0.96
2400,1.23
2728,0.96
2401,22.17
9022,2.71
3155,3.59
3628,0.96
2402,4.55
4083,1.23
2729,4.28
5072,0.96
2403,5.72
4578,1.24
2730,0.96
2404,2.72
3156,1.4
2731,0.97
2405,3.14
3629,13.48
7039,8.41
5551,11.63
6536,0.97
2406,9.47
7534,4.55
4084,2.05
2732,0.97
2407,4.3
5073,2.73
3157,4.37
4579,0.97
2408,10.03
6057,3.4
3630,0.97
2409,2.05
2733,24.73
9518,0.96
2410,2.74
3158,0.97
2411,2.04
2734,3.5
4580,4.55
4085,19.79
8524,4.38
5074,0.97
2412,3.6
3631,0.97
2413,2.72
3159,2.04
2735,17.55
8026,0.97
2414,8.41
5552,3.5
4581,0.97
2415,2.05
2736,2.72
3160,0.97
2416,3.6
3632,4.56
4086,4.3
5075,9.45
7535,0.98
2417,2.04
2737,11.65
6537,0.97
2418,3.51
4582,10.01
6058,2.73
3161,0.98
2419,13.5
7040,2.04
2738,3.6
3633,0.97
2420,4.57
4087,0.98
2421,4.81
5076,2.74
3162,2.06
2739,0.98
2422,3.52
4583,8.42
5553,0.98
2423,3.62
3634,2.06
2740,22.21
9023,0.98
2424,2.73
3163,0.99
2425,4.58
4088,3.51
4584,2.05
2741,9.48
7536,0.98
2426,4.94
5077,0.98
2427,2.74
3164,3.61
3635,2.06
2742,0.97
2428,10.03
6059,0.98
2429,3.51
4585,11.65
6538,2.74
3165,0.98
2430,2.06
2743,4.58
4089,4.38
5078,3.62
3636,0.99
2431,8.43
5554,17.58
8027,19.81
8525,0.98
2432,2.06
2744,2.74
3166,3.51
4586,13.54
7041,0.99
2433,0.98
2434,2.05
2745,3.62
3637,4.58
4090,24.76
9519,4.33
5079,1
2435,2.75
3167,9.47
7537,0.99
2436,1.05
5080,2.07
2746,3.52
4587,0.99
2437,0.98
2438,3.61
3638,2.74
3168,2.06
2747,10.03
6060,0.99
2439,4.57
4091,3.52
4588,8.42
5555,1
2440,4.36
5081,2.06
2748,2.75
3169,0.99
2441,11.67
6539,1.26
5082,3.62
3639,0.99
2442,2.06
2749,0.99
2443,3.51
4589,2.75
3170,4.56
4092,1
2444,2.06
2750,1
2445,9.47
7538,3.62
3640,1
2446,4.53
5083,22.26
9024,2.75
3171,13.54
7042,2.06
2751,3.52
4590,1
2447,0.99
2448,8.42
5556,4.58
4093,2.07
2752,10.03
6061,1
2449,3.63
3641,2.75
3172,17.6
8028,1.01
2450,3.52
4591,4.39
5084,2.07
2753,1
2451,19.86
8526,2.76
3173,1.01
2452,3.62
3642,2.07
2754,1
2453,11.68
6540,4.58
4094,3.52
4592,1
2454,9.48
7539,2.75
3174,2.07
2755,4.33
5085,1.01
2455,1
2456,3.62
3643,8.43
5557,2.08
2756,1.01
2457,2.76
3175,3.52
4593,4.57
4095,1.01
2458,10.03
6062,1
2459,2.07
2757,4.41
5086,24.77
9520,3.62
3644,1
2460,13.55
7043,2.75
3176,3.52
4594,1.01
2461,2.07
2758,1
2462,4.58
4096,2.75
3177,1.01
2463,2.07
2759,3.62
3645,4.32
5087,9.45
7540,1.01
2464,3.52
4595,11.66
6541,1.02
2465,8.42
5558,2.07
2760,2.75
3178,1.01
2466,4.59
4097,1.01
2467,3.62
3646,18.06
8029,2.07
2761,4.32
5088,3.52
4596,1.01
2468,2.76
3179,22.24
9025,10.06
6063,1.01
2469,2.08
2762,1.01
2470,3.62
3647,2.77
3180,1.02
2471,4.58
4098,2.08
2763,3.52
4597,19.88
8527,1.02
2472,4.31
5089,1.02
2473,9.46
7541,13.52
7044,2.08
2764,8.42
5559,2.75
3181,1.02
2474,3.63
3648,3.52
4598,1.02
2475,2.09
2765,4.59
4099,1.01
2476,11.68
6542,4.31
5090,2.76
3182,1.02
2477,2.1
2766,3.64
3649,1.03
2478,3.51
4599,10.01
6064,1.03
2479,2.77
3183,2.09
2767,1.02
2480,4.58
4100,4.32
5091,1.02
2481,3.64
3650,2.1
2768,8.43
5560,3.53
4600,2.77
3184,1.03
2482,9.48
7542,1.03
2483,2.09
2769,24.73
9521,1.03
2484,17.57
8030,2.77
3185,4.59
4101,4.33
5092,3.64
3651,1.03
2485,3.54
4601,2.09
2770,1.03
2486,13.52
7045,1.03
2487,2.76
3186,11.67
6543,2.09
2771,1.02
2488,3.64
3652,10.02
6065,3.52
4602,4.32
5093,1.03
2489,4.59
4102,2.1
2772,8.43
5561,2.76
3187,1.03
2490,22.23
9026,19.83
8528,1.04
2491,9.47
7543,2.1
2773,3.65
3653,3.53
4603,1.04
2492,2.78
3188,1.03
2493,4.33
5094,4.6
4103,2.11
2774,1.5
2494,2.86
3654,2.79
3189,3.54
4604,2.11
2775,1.71
2495,2.23
3655,4.34
5095,1.71
2496,2.11
2776,2.78
3190,4.6
4104,8.46
5562,10.09
6066,11.68
6544,3.53
4605,2.22
3656,1.7
2497,13.52
7046,2.1
2777,2.77
3191,9.47
7544,2.23
3657,1.7
2498,17.58
8031,4.33
5096,2.11
2778,1.05
3658,3.53
4606,4.59
4105,1.71
2499,2.79
3192,2.12
2779,2.24
3659,1.7
3659,3.46
4607,4.34
5097,2.68
3193,2.01
2780,8.34
5563,2.11
3660,8.5
6067,4.44
4106,24.51
9522,1.98
2781,2.09
3661,2.61
3194,3.33
4608,4.06
5098,9.14
7545,19.51
8529,11.32
6545,1.98
2782,2.1
3662,4.31
4107,2.61
3195,21.75
9027,1.98
2783,5.76
6068,3.32
4609,13.02
7047,2.1
3663,2.62
3196,4.07
5099,1.98
2784,7.92
5564,2.09
3664,4.32
4108,3.32
4610,1.98
2785,2.61
3197,2.11
3665,16.72
8032,2
2786,4.08
5100,5.75
6069,8.9
7546,3.33
4611,2.11
3666,2.63
3198,4.32
4109,1.99
2787,10.95
6546,2.11
3667,2.62
3199,1.99
2788,7.93
5565,4.07
5101,3.33
4612,2.11
3668,5.74
6070,1.99
2789,4.32
4110,2.62
3200,12.71
7048,2.11
3669,3.33
4613,2
2790,4.07
5102,2.61
3201,2.11
3670,8.88
7547,1.99
2791,4.32
4111,18.63
8530,3.32
4614,5.76
6071,2.62
3202,2.11
3671,1.99
2792,7.92
5566,4.08
5103,23.15
9523,2.12
3672,10.96
6547,2
2793,2.62
3203,20.82
9028,3.32
4615,4.32
4112,2.12
3673,2
2794,4.07
5104,16.51
8033,2.63
3204,5.76
6072,3.34
4616,2
2795,2.11
3674,8.89
7548,4.32
4113,2.63
3205,7.92
5567,2.01
2796,12.7
7049,2.12
3675,4.07
5105,3.33
4617,2
2797,2.62
3206,2.11
3676,5.77
6073,4.34
4114,2
2798,3.33
4618,2.11
3677,4.07
5106,2.63
3207,10.95
6548,2.01
2799,2.12
3678,2.64
3208,8.91
7549,3.33
4619,4.33
4115,7.93
5568,2.01
2800,4.07
5107,2.12
3679,5.77
6074,18.59
8531,2.01
2801,2.63
3209,2.13
3680,3.33
4620,2.01
2802,4.33
4116,2.63
3210,12.7
7050,4.17
5108,2.13
3681,16.5
8034,2.01
2803,3.33
4621,5.76
6075,2.13
3682,20.83
9029,2.63
3211,7.92
5569,10.96
6549,23.17
9524,2.02
2804,8.9
7550,4.33
4117,4.08
5109,2.13
3683,3.33
4622,2.64
3212,2.02
2805,2.12
3684,2.01
2806,5.77
6076,2.64
3213,4.33
4118,4.07
5110,3.34
4623,2.13
3685,2.02
2807,2.64
3214,2.13
3686,7.94
5570,2.02
2808,3.34
4624,4.09
5111,4.34
4119,1.95
3215,8.9
7551,12.69
7051,2.03
2809,5.77
6077,3.09
3687,10.96
6550,1.62
3216,3.35
4625,18.61
8532,2.04
2810,1.62
3217,4.1
5112,16.49
8035,4.35
4120,3.48
3688,1.62
3218,2.03
2811,3.34
4626,7.95
5571,1.62
3219,5.77
6078,2.02
2812,2.66
3689,4.1
5113,1.62
3220,4.37
4121,8.92
7552,2.03
2813,3.35
4627,1.63
3221,20.82
9030,3.51
3690,2.02
2814,1.62
3222,4.09
5114,10.97
6551,3.35
4628,5.78
6079,12.7
7052,1.62
3223,4.34
4122,2.03
2815,23.2
9525,7.94
5572,3.51
3691,1.62
3224,2.03
2816,3.36
4629,4.08
5115,1.63
3225,2.02
2817,4.35
4123,3.1
3692,1.63
3226,9.41
7553,1.24
2818,6.65
6080,3.35
4630,1.63
3227,1.24
2819,2.14
3693,4.09
5116,16.49
8036,1.24
2820,1.63
3228,18.6
8533,4.36
4124,2.14
3694,1.24
2821,7.95
5573,3.35
4631,1.62
3229,1.24
2822,10.97
6552,2.14
3695,4.08
5117,1.62
3230,1.25
2823,12.73
7053,1.25
2824,3.36
4632,1.63
3231,4.35
4125,2.14
3696,1.25
2825,1.63
3232,2.14
3697,1.25
2826,4.1
5118,9.46
6081,1.64
3233,3.36
4633,1.25
2827,7.95
5574,4.35
4126,2.15
3698,1.24
2828,1.63
3234,20.86
9031,1.26
2829,4.2
5119,1.72
3235,2.16
3699,3.37
4634,14.6
7554,1.25
2830,1.63
3236,11
6553,1.25
2831,2.15
3700,4.36
4127,1.25
2832,1.64
3237,3.36
4635,4.11
5120,2.15
3701,1.25
2833,23.25
9526,16.52
8037,1.63
3238,9.49
6082,7.96
5575,12.74
7054,1.25
2834,2.14
3702,4.36
4128,1.63
3239,3.35
4636,1.26
2835,18.62
8534,1.64
3240,1.26
2836,4.29
5121,2.15
3703,1.26
2837,1.64
3241,3.36
4637,2.15
3704,1.26
2838,4.38
4129,1.64
3242,1.26
2839,4.12
5122,10.99
6554,2.15
3705,1.65
3243,1.26
2840,3.37
4638,7.98
5576,1.26
2841,1.64
3244,14.59
7555,9.47
6083,2.15
3706,4.37
4130,1.26
2842,1.64
3245,4.12
5123,3.36
4639,1.27
2843,2.16
3707,1.66
3246,1.26
2844,12.75
7055,2.17
3708,1.26
2845,4.37
4131,1.64
3247,20.86
9032,3.37
4640,4.13
5124,1.27
2846,16.51
8038,1.65
3248,7.96
5577,2.16
3709,1.26
2847,1.66
3249,1.26
2848,3.36
4641,2.15
3710,11
6555,4.38
4132,9.47
6084,1.65
3250,1.26
2849,4.11
5125,18.62
8535,2.16
3711,1.27
2850,1.65
3251,3.37
4642,1.27
2851,23.21
9527,1.65
3252,2.16
3712,4.36
4133,1.27
2852,4.11
5126,7.94
5578,14.58
7556,1.64
3253,1.27
2853,2.16
3713,3.37
4643,1.27
2854,12.73
7056,1.66
3254,1.27
2855,2.16
3714,4.37
4134,1.65
3255,4.11
5127,1.27
2856,3.38
4644,9.49
6085,2.16
3715,1.65
3256,10.98
6556,1.27
2857,1.28
2858,1.65
3257,2.16
3716,3.37
4645,4.37
4135,4.1
5128,1.28
2859,7.96
5579,16.51
8039,1.66
3258,1.27
2860,2.17
3717,1.66
3259,1.27
2861,3.37
4646,20.85
9033,2.17
3718,1.67
3260,1.29
2862,4.11
5129,4.38
4136,1.29
2863,1.65
3261,2.17
3719,9.49
6086,3.38
4647,1.28
2864,12.72
7057,14.58
7557,18.67
8536,1.67
3262,1.29
2865,2.17
3720,7.99
5580,4.2
5130,11
6557,4.4
4137,1.67
3263,1.29
2866,3.38
4648,2.17
3721,1.28
2867,1.67
3264,1.28
2868,1.66
3265,4.12
5131,2.17
3722,1.29
2869,4.37
4138,3.37
4649,23.23
9528,1.66
3266,1.28
2870,2.17
3723,1.29
2871,1.67
3267,9.49
6087,7.96
5581,4.12
5132,3.39
4650,2.18
3724,1.29
2872,16.57
8040,1.67
3268,4.38
4139,1.29
2873,1.67
3269,2.17
3725,12.71
7058,1.29
2874,10.99
6558,3.37
4651,4.12
5133,1.68
3270,1.29
2875,2.17
3726,14.6
7558,4.39
4140,1.29
2876,1.67
3271,1.29
2877,2.17
3727,3.38
4652,1.67
3272,7.96
5582,20.89
9034,1.3
2878,4.12
5134,9.49
6088,2.17
3728,1.67
3273,18.63
8537,1.29
2879,4.39
4141,3.37
4653,1.3
2880,1.67
3274,2.17
3729,1.3
2881,4.11
5135,1.68
3275,1.3
2882,2.18
3730,3.38
4654,10.99
6559,4.39
4142,1.68
3276,1.29
2883,12.71
7059,7.97
5583,2.18
3731,1.68
3277,1.3
2884,4.13
5136,16.56
8041,3.4
4655,1.29
2885,1.67
3278,2.17
3732,9.49
6089,4.39
4143,1.29
2886,3.56
7060,3.57
5584,1.68
3279,14.61
7559,1.3
2887,2.19
3733,23.24
9529,3.4
4656,1.69
3280,1.31
2888,4.96
5137,2.19
3734,1.31
2889,1.69
3281,4.41
4144,1.3
2890,3.4
4657,1.68
3282,2.19
3735,11.02
6560,1.31
2891,4.34
5138,1.69
3283,1.3
2892,2.21
3736,7.99
5585,4.4
4145,3.39
4658,9.5
6090,1.7
3284,1.3
2893,18.66
8538,20.92
9035,2.24
3737,1.3
2894,1.69
3285,4.14
5139,1.31
2895,3.39
4659,2.21
3738,1.69
3286,1.31
2896,4.4
4146,12.77
7061,1.69
3287,1.31
2897,2.25
3739,16.56
8042,4.13
5140,3.39
4660,14.63
7560,1.32
2898,1.69
3288,7.98
5586,2.23
3740,1.31
2899,11.02
6561,4.4
4147,1.69
3289,1.32
2900,9.51
6091,3.39
4661,2.2
3741,1.69
3290,1.32
2901,4.21
5141,1.32
2902,1.7
3291,2.36
3742,4.4
4148,1.31
2903,3.4
4662,1.69
3292,1.31
2904,2.23
3743,4.13
5142,1.69
3293,8
5587,1.31
2905,23.24
9530,3.39
4663,2.2
3744,1.69
3294,12.74
7062,1.31
2906,4.41
4149,1.32
2907,1.69
3295,4.13
5143,18.64
8539,9.5
6092,2.25
3745,11.02
6562,1.32
2908,3.39
4664,1.7
3296,14.61
7561,1.38
2909,2.19
3746,4.41
4150,20.9
9036,1.7
3297,16.54
8043,1.32
2910,4.14
5144,3.39
4665,7.99
5588,2.31
3747,1.69
3298,1.33
2911,1.32
2912,1.7
3299,2.19
3748,4.41
4151,1.32
2913,3.39
4666,4.14
5145,1.7
3300,1.33
2914,2.2
3749,9.49
6093,1.7
3301,1.33
2915,12.72
7063,3.4
4667,2.2
3750,10.99
6563,1.32
2916,4.41
4152,1.7
3302,4.13
5146,7.98
5589,1.33
2917,1.7
3303,2.2
3751,1.33
2918,3.41
4668,1.7
3304,1.33
2919,2.2
3752,4.41
4153,4.14
5147,1.7
3305,14.61
7562,1.33
2920,2.2
3753,3.41
4669,1.34
2921,1.71
3306,18.6
8540,9.5
6094,1.33
2922,16.51
8044,1.71
3307,2.21
3754,23.18
9531,4.41
4154,7.99
5590,4.14
5148,1.34
2923,3.4
4670,1.71
3308,1.33
2924,2.29
3755,11
6564,1.33
2925,1.7
3309,12.73
7064,20.87
9037,4.15
5149,4.43
4155,1.35
2926,3.42
4671,3.62
3756,1.34
2927,6.16
5591,1.34
2928,3.42
4672,9.51
6095,1.34
2929,4.14
5150,4.44
4156,3.6
3757,1.34
2930,7.27
3310,14.61
7563,1.34
2931,4.88
5592,3.41
4673,1.71
3311,4.15
5151,3.62
3758,11.03
6565,1.99
2932,4.45
4157,1.92
3312,11.02
7065,3.43
4674,2.21
2933,4.9
5593,7.9
6096,16.67
8045,18.23
8541,3.63
3759,2.82
3313,4.25
5152,2.21
2934,4.46
4158,3.43
4675,2.81
3314,2.21
2935,3.61
3760,4.88
5594,4.15
5153,3.42
4676,5.8
6097,7.79
7066,2.21
2936,4.42
4159,2.81
3315,23.27
9532,3.62
3761,11.02
6566,2.22
2937,20.9
9038,3.44
4677,4.16
5154,2.84
3316,14.68
7564,4.9
5595,2.21
2938,4.44
4160,3.64
3762,5.82
6098,2.82
3317,3.43
4678,2.22
2939,4.16
5155,7.82
7067,4.91
5596,2.22
2940,2.82
3318,3.62
3763,4.44
4161,3.44
4679,16.63
8046,2.21
2941,4.16
5156,5.81
6099,2.82
3319,3.62
3764,18.64
8542,11.03
6567,2.22
2942,3.42
4680,4.42
4162,4.89
5597,2.82
3320,2.21
2943,7.8
7068,4.16
5157,3.62
3765,3.42
4681,5.81
6100,2.82
3321,2.22
2944,4.43
4163,14.64
7565,4.91
5598,4.15
5158,3.64
3766,2.23
2945,3.44
4682,2.82
3322,2.23
2946,4.44
4164,2.82
3323,5.82
6101,20.88
9039,7.8
7069,4.91
5599,3.63
3767,3.42
4683,4.17
5159,11.02
6568,23.21
9533,2.22
2947,2.83
3324,2.23
2948,4.43
4165,3.43
4684,3.64
3768,16.65
8047,4.19
5160,4.91
5600,2.83
3325,2.23
2949,5.83
6102,3.43
4685,3.63
3769,2.23
2950,7.81
7070,4.44
4166,2.83
3326,18.66
8543,4.17
5161,14.65
7566,4.9
5601,2.23
2951,3.44
4686,3.63
3770,2.82
3327,5.83
6103,11.03
6569,2.23
2952,4.43
4167,4.17
5162,2.84
3328,3.43
4687,2.24
2953,3.64
3771,4.89
5602,7.81
7071,2.24
2954,2.84
3329,4.45
4168,5.85
6104,3.46
4688,4.38
5163,3.64
3772,2.24
2955,2.84
3330,4.93
5603,20.87
9040,16.61
8048,3.43
4689,2.23
2956,4.44
4169,4.16
5164,3.64
3773,2.83
3331,11.02
6570,5.82
6105,2.23
2957,7.82
7072,14.62
7567,23.24
9534,3.44
4690,4.92
5604,2.85
3332,3.65
3774,2.25
2958,4.46
4170,4.17
5165,18.66
8544,3.44
4691,2.24
2959,2.84
3333,5.84
6106,3.65
3775,4.9
5605,4.17
5166,4.45
4171,2.24
2960,2.84
3334,7.81
7073,3.44
4692,3.02
3776,2.25
2961,2.85
3335,11.04
6571,4.19
5167,2.23
3777,4.46
4172,2.25
2962,3.44
4693,5.83
6107,6.91
5606,2.84
3336,2.23
3778,2.25
2963,16.62
8049,3.44
4694,4.18
5168,14.64
7568,4.46
4173,2.24
3779,7.83
7074,2.26
2964,2.85
3337,5.84
6108,2.24
3780,2.25
2965,20.88
2965,3.44
9041,2.86
3338,4.19
5169,4.47
4174,2.24
3781,2.26
2966,8.05
5607,11.04
6572,2.85
3339,18.68
8545,2.25
3782,2.25
2967,5.85
6109,4.18
5170,7.82
7075,23.26
9535,4.45
4175,2.24
3783,2.85
3340,2.26
2968,2.24
3784,2.26
2969,2.85
3341,4.18
5171,5.83
6110,4.46
4176,2.25
3785,8.04
5608,2.26
2970,14.63
7569,2.85
3342,16.57
8050,12.76
4696,7.82
7076,2.24
3786,2.26
2971,4.2
5172,11.04
6573,2.86
3343,4.47
4177,2.24
3787,2.25
2972,3.45
4697,5.84
6111,2.24
3788,4.26
5173,2.27
2973,2.86
3344,8.03
5609,3.45
4698,4.46
4178,2.25
3789,2.27
2974,2.86
3345,20.87
9042,7.8
7077,4.18
5174,2.25
3790,5.84
6112,2.27
2975,18.66
8546,3.45
4699,2.86
3346,4.47
4179,2.26
3791,2.28
2976,11.04
6574,4.2
5175,14.65
7570,2.86
3347,3.46
4700,2.26
3792,2.26
2977,8.05
5610,5.84
6113,4.47
4180,7.82
7078,2.25
3793,16.58
8051,23.26
9536,2.26
2978,2.86
3348,3.45
4701,4.19
5176,2.25
3794,2.27
2979,2.87
3349,4.47
4181,2.25
3795,3.45
4702,2.27
2980,5.84
6114,4.18
5177,8.05
5611,2.87
3350,2.25
3796,2.27
2981,11.05
6575,7.83
7079,3.45
4703,4.47
4182,2.25
3797,2.87
3351,2.27
2982,4.17
5178,5.84
6115,2.26
3798,3.46
4704,2.28
2983,2.87
3352,14.64
7571,18.67
8547,20.91
9043,4.48
4183,2.26
3799,4.19
5179,2.28
2984,8.06
5612,2.87
3353,3.46
4705,7.82
7080,2.27
3800,2.28
2985,16.57
8052,5.85
6116,4.47
4184,2.88
3354,2.26
3801,4.2
5180,3.46
4706,2.28
2986,11.05
6576,2.25
3802,2.88
3355,2.27
2987,3.46
4707,4.48
4185,8.05
5613,4.19
5181,2.26
3803,5.84
6117,2.29
2988,7.82
7081,2.88
3356,23.27
9537,2.27
3804,3.46
4708,2.29
2989,2.88
3357,4.2
5182,4.48
4186,14.64
7572,2.27
3805,2.29
2990,5.84
6118,3.46
4709,2.87
3358,2.27
3806,11.04
6577,2.29
2991,8.05
5614,4.19
5183,4.48
4187,7.83
7082,18.66
8548,2.26
3807,2.88
3359,3.46
4710,2.3
2992,16.55
8053,20.91
9044,2.27
3808,5.86
6119,2.31
2993,2.9
3360,4.28
5184,4.49
4188,3.47
4711,2.28
3809,2.32
2994,2.89
3361,8.06
5615,2.27
3810,3.47
4712,2.3
2995,4.2
5185,4.5
4189,5.86
6120,2.27
3811,11.08
6578,2.89
3362,14.65
7573,2.29
2996,11.08
7083,3.47
4713,2.28
3812,4.21
5186,2.88
3363,2.3
2997,4.49
4190,2.28
3813,5.84
6121,3.48
4714,2.3
2998,8.05
5616,2.89
3364,23.25
9538,2.28
3814,4.2
5187,2.31
2999,4.5
4191,2.9
3365,3.48
4715,16.6
8054,18.67
8549,2.28
3815,7.82
7084,2.3
7084,10.61
6579,4.13
5188,5.77
6122,2.19
3816,2.79
3366,3.31
4716,4.31
4192,2.13
3817,7.81
5617,20.68
9045,2.71
3367,3.92
5189,14.3
7574,3.23
4717,2.13
3818,5.46
6123,7.37
7085,4.2
4193,6.31
6580,2.7
3368,2.13
3819,3.24
4718,3.93
5190,2.72
3369,2.13
3820,4.19
4194,7.52
5618,3.25
4719,2.13
3821,5.48
6124,2.72
3370,3.93
5191,6.31
6581,7.31
7086,2.13
3822,15.54
8055,2.72
3371,3.25
4720,4.2
4195,2.13
3823,17.49
8550,3.94
5192,5.48
6125,2.71
3372,21.96
9539,2.13
3824,3.25
4721,7.53
5619,13.7
7575,4.2
4196,6.31
6582,2.13
3825,2.72
3373,3.93
5193,7.32
7087,3.26
4722,2.14
3826,5.47
6126,19.51
9046,2.72
3374,4.21
4197,3.93
5194,2.14
3827,3.25
4723,6.32
6583,2.72
3375,7.53
5620,2.14
3828,4.21
4198,3.25
4724,5.47
6127,7.32
7088,4.01
5195,2.72
3376,2.16
3829,15.47
8056,2.14
3830,3.25
4725,2.72
3377,4.21
4199,6.33
6584,13.69
7576,3.93
5196,2.15
3831,7.53
5621,5.47
6128,17.45
8551,2.72
3378,3.26
4726,2.15
3832,7.32
7089,4.22
4200,3.93
5197,2.73
3379,2.15
3833,3.26
4727,6.32
6585,5.48
6129,2.73
3380,21.68
9540,2.15
3834,3.94
5198,4.21
4201,3.26
4728,7.53
5622,2.15
3835,2.73
3381,19.53
9047,7.32
7090,2.16
3836,3.94
5199,3.26
4729,4.22
4202,6.32
6586,5.48
6130,2.73
3382,15.48
8057,13.7
7577,2.16
3837,3.27
4730,2.73
3383,3.95
5200,2.15
3838,7.55
5623,4.23
4203,5.49
6131,2.73
3384,7.33
7091,2.16
3839,3.26
4731,6.33
6587,17.46
8552,3.94
5201,2.16
3840,4.22
4204,3.27
4732,2.16
3841,5.48
6132,3.94
5202,7.54
5624,4.23
4205,6.34
6588,3.27
4733,2.69
3842,7.33
7092,13.65
8058,13.68
7578,3.96
5203,3.28
4734,3.52
3843,21.69
9541,5.48
6133,4.24
4206,11.49
3385,19.52
9048,6.34
6589,7.58
5625,3.29
4735,3.95
5204,3.52
3844,2.74
3386,7.38
7093,4.23
4207,5.49
6134,3.27
4736,2.74
3387,3.96
5205,3.53
3845,9.46
8059,17.47
8553,4.24
4208,6.33
6590,2.75
3388,3.29
4737,7.59
5626,3.55
3846,4.03
5206,5.48
6135,7.33
7094,2.75
3389,13.69
7579,3.27
4738,4.22
4209,3.53
3847,2.75
3390,3.95
5207,6.33
6591,3.28
4739,5.49
6136,9.46
8060,2.75
3391,4.23
4210,3.54
3848,7.58
5627,7.34
7095,3.95
5208,3.28
4740,2.75
3392,19.53
9049,3.54
3849,4.22
4211,6.36
6592,21.7
9542,5.49
6137,3.27
4741,3.95
5209,2.74
3393,3.54
3850,17.45
8554,7.56
5628,2.75
3394,3.27
4742,4.22
4212,13.7
7580,7.34
7096,9.46
8061,3.96
5210,5.49
6138,6.34
6593,3.53
3851,2.75
3395,3.28
4743,4.23
4213,3.97
5211,2.75
3396,3.54
3852,3.29
4744,7.58
5629,5.5
6139,7.33
7097,2.76
3397,6.34
6594,4.23
4214,3.96
5212,3.54
3853,3.28
4745,9.47
8062,2.76
3398,4.23
4215,5.5
6140,3.96
5213,3.54
3854,3.29
4746,2.76
3399,13.7
7581,19.5
9050,7.59
5630,6.35
6595,7.33
7098,2.75
3400,3.28
4747,3.54
3855,17.44
8555,3.97
5214,4.24
4216,21.7
9543,5.49
6141,2.76
3401,9.48
8063,3.29
4748,3.54
3856,3.97
5215,6.34
6596,4.24
4217,2.77
3402,7.35
7099,7.58
5631,3.29
4749,3.55
3857,5.5
6142,2.77
3403,4.05
5216,4.26
4218,3.3
4750,3.55
3858,2.77
3404,6.34
6597,13.7
7582,3.97
5217,9.48
8064,5.51
6143,3.29
4751,7.36
7100,4.24
4219,7.59
5632,2.76
3405,3.54
3859,3.96
5218,3.3
4752,2.77
3406,19.52
9051,6.36
6598,4.25
4220,17.46
8556,3.55
3860,5.51
6144,2.77
3407,3.3
4753,3.97
5219,7.34
7101,7.59
5633,3.57
3861,4.25
4221,9.49
8065,2.78
3408,21.73
9544,3.3
4754,6.37
6599,5.77
6145,3.99
5220,2.77
3409,13.71
7583,3.56
3862,4.26
4222,3.29
4755,2.77
3410,7.36
7102,3.98
5221,3.58
3863,7.61
5634,3.3
4756,5.52
6146,6.35
6600,4.26
4223,2.78
3411,9.47
8066,3.56
3864,3.97
5222,3.3
4757,2.77
3412,4.26
4224,5.51
6147,7.35
7103,17.44
8557,3.57
3865,2.78
3413,3.97
5223,3.29
4758,7.58
5635,6.36
6601,19.53
9052,13.7
7584,2.78
3414,4.25
4225,3.56
3866,3.3
4759,3.98
5224,5.52
6148,9.49
8067,2.78
3415,6.35
6602,3.3
4760,3.57
3867,4.26
4226,7.59
5636,3.98
5225,2.78
3416,21.76
9545,10.25
7104,3.31
4761,5.51
6149,3.57
3868,2.78
3417,4.26
4227,3.98
5226,6.36
6603,3.31
4762,2.8
3418,3.57
3869,9.47
8068,7.61
5637,4.28
4228,5.52
6150,4.06
5227,13.71
7585,2.79
3419,17.46
8558,3.31
4763,7.36
7105,3.57
3870,2.79
3420,6.36
6604,4.26
4229,3.32
4764,3.99
5228,20.09
9053,3.58
3871,5.54
6151,2.88
3421,7.61
5638,3.32
4765,9.49
8069,4.27
4230,3.98
5229,7.37
7106,3.58
3872,2.81
3422,6.36
6605,3.31
4766,5.52
6152,2.8
3423,3.38
3873,4.2
5230,4.27
4231,13.75
7586,3.32
4767,2.2
3874,21.84
9546,2.81
3424,7.63
5639,7.37
7107,6.36
6606,5.53
6153,2.2
3875,4.29
4232,3.32
4768,9.5
8070,2.8
3425,17.48
8559,2.19
3876,6.54
5231,2.8
3426,3.31
4769,2.2
3877,4.27
4233,5.52
6154,7.6
5640,6.38
6607,7.38
7108,2.81
3427,2.21
3878,3.33
4770,19.58
9054,4.29
4234,2.2
3879,6.55
5232,2.81
3428,9.5
8071,5.53
6155,3.48
4771,2.2
3880,13.74
7587,2.81
3429,6.38
6608,4.28
4235,2.2
3881,7.61
5641,7.37
7109,3.32
4772,2.8
3430,2.21
3882,6.54
5233,5.55
6156,4.28
4236,3.32
4773,2.2
3883,2.81
3431,6.37
6609,17.48
8560,21.76
9547,2.21
3884,9.49
8072,2.81
3432,3.32
4774,7.59
5642,7.37
7110,4.28
4237,5.52
6157,6.53
5234,2.21
3885,2.82
3433,3.33
4775,2.22
3886,13.74
7588,6.38
6610,4.3
4238,2.83
3434,4.3
5235,2.23
3887,19.59
9055,3.35
4776,7.41
7111,7.67
5643,2.23
3888,2.83
3435,9.54
8073,4.33
4239,4.02
5236,8.63
6158,2.21
3889,3.35
4777,2.82
3436,13.79
8561,2.21
3890,3.34
4778,4
5237,4.3
4240,9.37
6611,2.82
3437,2.21
3891,7.38
7112,7.6
5644,2.22
3892,3.33
4779,2.82
3438,4
5238,13.78
7589,4.29
4241,9.5
8074,1.73
4780,9.07
6159,2.21
3893,2.82
3439,21.8
9548,2.21
3894,4
5239,3.34
4781,4.3
4242,2.83
3440,7.38
7113,10.69
8562,7.62
5645,2.23
3895,10.43
6612,3.34
4782,2.83
3441,4.01
5240,2.22
3896,19.59
9056,4.31
4243,9.49
8075,9.07
6160,2.22
3897,2.84
3442,3.33
4783,4.01
5241,7.38
7114,2.22
3898,7.62
5646,4.31
4244,2.83
3443,13.77
7590,3.33
4784,2.23
3899,10.7
8563,4.01
5242,2.83
3444,2.23
3900,10.44
6613,4.31
4245,3.35
4785,2.84
3445,2.22
3901,9.05
6161,9.5
8076,7.39
7115,4.01
5243,7.61
5647,3.34
4786,2.22
3902,2.83
3446,4.29
4246,2.23
3903,4
5244,3.34
4787,2.84
3447,21.75
9549,2.23
3904,4.31
4247,10.68
8564,7.39
7116,10.43
6614,2.84
3448,3.34
4788,13.74
7591,4.08
5245,2.23
3905,19.57
9057,7.61
5648,9.06
6162,9.49
8077,2.23
3906,2.83
3449,4.31
4248,3.34
4789,4.02
5246,2.23
3907,2.85
3450,3.35
4790,7.41
7117,2.23
3908,4.32
4249,7.61
5649,2.84
3451,4.02
5247,2.24
3909,10.71
8565,9.07
6163,3.35
4791,10.44
6615,9.51
8078,2.85
3452,4.31
4250,2.23
3910,4.02
5248,3.35
4792,2.23
3911,13.75
7592,2.84
3453,7.38
7118,4.32
4251,7.61
5650,2.23
3912,4.02
5249,3.35
4793,2.84
3454,2.23
3913,9.08
6164,21.74
9550,2.86
3455,3.35
4794,4.31
4252,19.6
9058,10.68
8566,9.5
8079,4.02
5250,2.24
3914,10.43
6616,7.38
7119,2.86
3456,2.24
5251,2.25
3915,3.36
4795,7.62
5651,4.32
4253,2.24
3916,2.85
3457,4.02
5252,3.35
4796,2.24
3917,13.75
7593,9.1
6165,2.85
3458,4.31
4254,7.39
7120,2.24
3918,9.5
8080,3.36
5253,3.36
4797,10.69
8567,7.63
5652,10.43
6617,2.86
3459,2.24
3919,4.32
4255,3.35
4798,3.35
5254,2.24
3920,2.86
3460,2.24
3921,7.4
7121,2.86
3461,9.08
6166,4.32
4256,4.02
4799,4.02
5255,2.25
3922,7.63
5653,9.5
8081,19.56
9059,2.86
3462,21.72
9551,2.25
3923,3.36
4800,13.75
7594,10.68
8568,10.44
6618,4.32
4257,4.1
5256,2.87
3463,2.25
3924,7.39
7122,3.36
4801,2.25
3925,2.87
3464,4.02
5257,9.06
6167,4.33
4258,7.62
5654,2.25
3926,3.36
4802,6.38
8569,2.86
3465,9.51
8082,2.25
3927,4.03
5258,4.44
4259,7.39
7123,3.37
4803,2.88
3466,2.25
3928,10.47
6619,4.04
5259,7.62
5655,2.86
3467,2.24
3929,3.36
4804,4.33
4260,13.76
7595,9.07
6168,2.25
3930,2.86
3468,3.36
4805,9.55
8083,7.41
7124,4.55
5260,10.7
8570,2.26
3931,4.33
4261,19.57
9060,2.88
3469,2.26
3932,3.36
4806,7.63
5656,21.74
9552,10.45
6620,4.03
5261,2.87
3470,2.37
3933,4.35
4262,9.11
6169,3.38
4807,2.25
3934,2.89
3471,7.41
7125,4.04
5262,4.34
4263,9.54
8084,2.26
3935,3.37
4808,2.88
3472,13.76
7596,7.65
5657,10.73
8571,2.27
8085,2.28
3936,4.03
5263,3.37
4809,2.87
3473,4.34
4264,2.26
3937,10.46
6621,7.39
7126,9.1
6170,2.89
3474,4.04
5264,2.27
3938,3.36
4810,4.34
4265,7.66
5658,2.27
3939,2.89
3475,3.37
4811,4.04
5265,19.56
9061,2.27
3940,9.53
8086,2.89
3476,10.72
8572,7.4
7127,4.35
4266,3.38
4812,2.27
3941,9.12
6171,13.77
7597,4.04
5266,2.89
3477,10.47
6622,2.27
3942,21.77
9553,7.67
5659,3.38
4813,4.36
4267,2.88
3478,2.26
3943,4.11
5267,7.4
7128,3.38
4814,2.27
3944,2.89
3479,9.53
8087,4.35
4268,2.27
3945,10.71
8573,4.05
5268,9.11
6172,2.9
3480,3.38
4815,7.66
5660,2.27
3946,10.46
6623,4.35
4269,2.9
3481,4.05
5269,3.39
4816,2.28
3947,7.41
7129,13.77
7598,2.89
3482,2.29
3948,4.36
4270,19.58
9062,3.39
4817,9.55
8088,4.04
5270,2.28
3949,7.67
5661,2.89
3483,9.12
6173,10.71
8574,3.39
4818,2.28
3950,4.36
4271,7.41
7130,4.05
5271,2.9
3484,2.28
3951,10.47
6624,3.39
4819,21.79
9554,2.9
3485,2.28
3952,4.37
4272,4.06
5272,7.67
5662,9.53
8089,3.39
4820,2.28
3953,2.9
3486,9.14
6174,13.77
7599,7.42
7131,4.05
5273,2.28
3954,4.37
4273,2.9
3487,3.38
4821,10.71
8575,2.29
3955,2.9
3488,10.48
6625,4.06
5274,7.67
5663,3.38
4822,2.29
3956,4.37
4274,7.42
7132,2.9
3489,9.54
8090,19.61
9063,2.29
3957,3.4
4823,9.14
6175,4.07
5275,1.78
7133,4.38
4275,2.3
3958,2.91
3490,3.39
4824,2.29
3959,7.69
5664,10.77
8576,4.07
5276,2.91
3491,13.8
7600,4.37
4276,2.29
3960,10.5
6626,3.39
4825,2.91
3492,7.41
7134,2.29
3961,4.14
5277,9.77
8091,21.81
9555,9.14
6176,4.37
4277,3.39
4826,2.94
3493,2.29
3962,7.67
5665,4.05
5278,2.29
3963,2.91
3494,3.39
4827,4.37
4278,10.73
8577,2.3
3964,7.43
7135,2.92
3495,4.06
5279,3.4
4828,10.49
6627,2.3
3965,9.55
8092,9.11
6177,4.37
4279,19.63
9064,13.79
7601,2.92
3496,7.67
5666,2.3
3966,3.4
4829,4.07
5280,2.29
3967,2.92
3497,7.42
7136,4.38
4280,3.4
4830,2.29
3968,4.07
5281,2.92
3498,10.72
8578,2.29
3969,7.66
5667,3.4
4831,10.49
6628,9.11
6178,4.37
4281,9.55
8093,2.93
3499,4.08
5282,2.3
3970,7.42
7137,3.4
4832,21.79
9556,2.93
9556,2.28
3971,4.32
6629,4.31
6179,4.32
4282,13.09
7602,4.11
5283,2.14
3972,3.21
4833,7.39
5668,2.13
3973,4.06
4283,10.36
8579,3.78
5284,3.16
4834,9.1
8094,6.95
7138,2.14
3974,19.09
9065,7.82
7603,2.14
3975,4.07
4284,3.17
4835,8.47
6180,3.78
5285,7.13
5669,9.73
6630,2.15
3976,3.17
4836,4.07
4285,2.14
3977,6.9
7139,3.79
5286,8.88
8095,9.97
8580,2.14
3978,3.17
4837,7.84
7604,4.09
4286,3.87
5287,2.16
3979,7.12
5670,8.46
6181,3.18
4838,2.16
3980,20.29
9557,6.92
7140,9.76
6631,3.79
5288,4.08
4287,3.18
4839,2.16
3981,8.89
8096,2.15
3982,7.83
7605,7.13
5671,3.79
5289,3.17
4840,9.99
8581,18.23
9066,4.08
4288,2.15
3983,8.47
6182,6.91
7141,3.18
4841,2.15
3984,3.78
5290,4.08
4289,9.74
6632,2.15
3985,3.17
4842,7.12
5672,7.83
7606,3.79
5291,2.15
3986,8.88
8097,4.08
4290,6.91
7142,3.17
4843,2.15
3987,8.48
6183,9.97
8582,3.78
5292,2.15
3988,4.08
4291,3.17
4844,2.15
3989,7.13
5673,9.75
6633,3.78
5293,7.82
7607,20.23
9558,3.18
4845,6.92
7143,2.16
3990,8.88
8098,4.09
4292,8.48
6184,18.21
9067,2.16
3991,3.8
5294,3.18
4846,9.97
8583,2.16
3992,4.09
4293,7.14
5674,3.18
4847,3.79
5295,2.17
3993,6.93
7144,7.83
7608,9.76
6634,2.18
3994,4.1
4294,3.19
4848,8.89
8099,3.82
5296,8.5
6185,2.17
3995,7.14
5675,3.19
4849,4.09
4295,2.17
3996,6.92
7145,10
8584,3.8
5297,7.84
7609,2.18
3997,3.19
4850,4.09
4296,2.16
3998,3.89
5298,8.89
8100,9.75
6635,8.48
6186,20.22
9559,7.14
5676,3.96
4851,2.17
3999,18.22
9068,6.93
7146,4.11
4297,2.17
4297,3.8
5299,7.8
7610,3.26
4852,9.86
8585,5.45
5677,3.84
4298,3.52
5300,6.23
6187,2.94
4853,8.48
8101,6.49
7147,9.27
6636,3.78
4299,2.94
4854,3.51
5301,4.04
5678,7.3
7611,4.78
6188,2.95
4855,3.51
5302,3.78
4300,9.23
8586,4.04
5679,6.39
7148,2.95
4856,8.2
8102,4.79
6189,3.52
5303,3.79
4301,9
6637,4.03
6637,7.24
5680,16.92
9069,2.95
4857,18.87
9560,3.51
5304,4.79
6190,6.39
7149,3.79
4302,2.96
4858,4.03
7613,4.05
5681,9.22
8587,3.52
5305,8.2
8103,2.95
4859,3.79
4303,4.78
6191,4.05
5682,9.02
6638,6.39
7150,3.52
5306,2.96
4860,3.8
4304,7.25
7614,4.05
5683,4.82
6192,2.97
4861,3.53
5307,9.26
8588,3.8
4305,8.89
8104,2.97
4862,6.41
7151,4.28
5684,3.59
5308,4.8
6193,16.84
9070,9.03
6639,3.81
4306,2.96
4863,7.26
7615,18.72
9561,3.54
5309,4.08
5685,2.96
4864,4.81
6194,6.4
7152,3.8
4307,8.21
8105,9.24
8589,3.51
5310,2.95
4865,4.04
5686,7.26
7616,3.8
4308,9.01
6640,4.79
6195,3.52
5311,2.96
4866,2.32
7617,6.4
7153,4.04
5687,3.81
4309,2.96
4867,3.53
5312,8.21
8106,4.8
6196,4.05
5688,9.23
8590,2.96
4868,3.81
4310,16.82
9071,3.53
5313,6.41
7154,7.24
7618,9.02
6641,2.96
4869,4.8
6197,4.06
5689,3.8
4311,3.53
5314,18.69
9562,2.97
4870,8.21
8107,4.05
5690,4.8
6198,3.81
4312,6.39
7155,3.53
5315,9.23
8591,2.96
4871,7.24
7619,2.33
6199,9.01
6642,3.53
5316,4.05
5691,3.81
4313,2.98
4872,6.39
7156,8.2
8108,2.97
4873,4.8
6200,3.54
5317,3.81
4314,4.04
5692,7.25
7620,16.83
9072,2.98
4874,9.24
8592,3.61
5318,3.81
4315,4.06
5693,4.81
6201,9.02
6643,2.97
4875,6.4
7157,3.53
5319,8.22
8109,3.82
4316,2.97
4876,4.06
5694,7.25
7621,18.72
9563,4.81
6202,3.54
5320,2.97
4877,3.81
4317,6.41
7158,9.24
8593,4.06
5695,3.54
5321,9.03
6644,4.8
6203,2.97
4878,3.83
4318,8.21
8110,7.25
7622,4.06
5696,2.98
4879,3.54
5322,6.42
7159,4.81
6204,16.83
9073,3.81
4319,2.97
4880,4.07
5697,3.54
5323,9.23
8594,3.83
4320,9.02
6645,7.26
7623,2.98
4881,4.82
6205,8.22
8111,3.55
5324,6.41
7160,4.06
5698,2.98
4882,3.82
4321,18.71
9564,4.81
6206,4.07
5699,2.99
4883,9.24
8595,7.25
7624,3.83
4322,6.41
7161,6.49
5325,8.24
8112,9.03
6646,2.99
4884,4.06
5700,4.81
6207,3.82
4323,3.55
5326,2.99
4885,16.9
9074,4.07
5701,6.4
7162,7.26
7625,2.98
4886,4.81
6208,3.61
5327,3.82
4324,9.53
8596,8.24
8113,4.08
5702,3
4887,9.04
6647,3.55
5328,3.85
4325,4.82
6209,6.41
7163,3
4888,7.27
7626,4.07
5703,3.55
5329,3.83
4326,19.24
9565,2.99
4889,11.58
9075,4.82
6210,8.25
8114,3.55
5330,4.08
5704,3.83
4327,2.99
4890,9.03
6648,6.42
7164,7.25
7627,3.56
5331,4.8
6211,2.99
4891,4.07
5705,3.83
4328,15.16
8597,3
4892,3.55
5332,6.41
7165,8.23
8115,4.08
5706,4.83
6212,3.83
4329,10.27
9076,3
4893,9.03
6649,7.26
7628,3.55
5333,3.84
4330,4.07
5707,2.99
4894,4.81
6213,6.41
7166,3.56
5334,8.23
8116,3
4895,3.84
4331,18.71
9566,4.08
5708,7.26
7629,3.55
5335,4.81
6214,10.28
9077,3.01
4896,9.02
6650,3.84
4332,4.08
5709,6.41
7167,15.11
8598,3.56
5336,3
4897,4.82
6215,3.84
4333,8.23
8117,4.09
5710,3.55
5337,7.26
7630,3
4898,6.42
7168,4.82
6216,3.85
4334,3
4899,9.03
6651,3.63
5338,4.09
5711,10.28
9078,3
4900,3.84
4335,3.55
5339,7.26
7631,8.23
8118,4.82
6217,4.08
5712,6.71
7169,3
4901,18.71
9567,3.85
4336,3.56
5340,15.11
8599,4.09
5713,3
4902,9.04
6652,4.82
6218,3.57
5341,3.85
4337,7.27
7632,10.3
9079,3.01
4903,6.44
7170,8.23
8119,4.1
5714,4.83
6219,3.56
5342,3.85
4338,4.09
5715,5.98
4904,3.56
5343,9.04
6653,6.44
7171,7.27
7633,3.86
4339,4.83
6220,8.24
8120,3.01
4905,4.09
5716,10.27
9080,3.57
5344,3.86
4340,15.09
8600,4.83
6221,3
4906,6.43
7172,4.09
5717,3.57
5345,18.67
9568,7.27
7634,3.86
4341,3
4907,9.06
6654,4.84
6222,3.57
5346,8.24
8121,4.09
5718,3.02
4908,3.86
4342,6.43
7173,10.28
9081,3.57
5347,3.02
4909,7.27
7635,4.09
5719,4.84
6223,3.86
4343,3.02
4910,3.64
5348,9.06
6655,8.23
8122,4.09
5720,6.44
7174,3.87
4344,4.84
6224,15.1
8601,3.03
4911,3.57
5349,7.3
7636,4.11
5721,3.88
4345,3.03
4912,10.29
9082,4.85
6225,3.59
5350,6.49
7175,18.74
9569,3.02
4913,9.07
6656,8.26
8123,4.1
5722,3.86
4346,3.57
5351,7.29
7637,4.84
6226,3.02
4914,4.09
5723,3.86
4347,3.57
5352,6.45
7176,3.01
4915,10.28
9083,4.84
6227,15.13
8602,3.87
4348,8.24
8124,4.1
5724,3.59
5353,3.03
4916,9.07
6657,7.28
7638,6.44
7177,3.02
4917,3.87
4349,4.84
6228,3.59
5354,4.11
5725,3.02
4918,3.58
5355,3.89
4350,4.1
5726,8.25
8125,7.3
7639,4.84
6229,18.73
9570,3.02
4919,10.05
8603,6.43
7178,9.08
6658,3.58
5356,3.88
4351,4.11
5727,3.03
4920,4.85
6230,15.03
9084,3.59
5357,3.89
4352,3.03
4921,7.29
7640,6.44
7179,4.1
5728,8.26
8126,3.65
5358,4.85
6231,3.02
4922,9.07
6659,9.26
8604,3.88
4353,4.11
5729,3.03
4923,3.6
5359,6.44
7180,7.29
7641,3.9
4354,4.85
6232,4.11
5730,3.02
4924,8.26
8127,3.6
5360,3.89
4355,3.03
4925,18.71
9571,9.09
6660,4.86
6233,9.26
8605,4.12
5731,3.59
5361,6.46
7181,7.3
7642,16.89
9085,3.04
4926,3.89
4356,3.59
5362,4.11
5732,4.85
6234,8.25
8128,3.03
4927,3.88
4357,6.45
7182,4.96
9086,3.6
5363,3.04
4928,4.12
5733,9.07
6661,9.27
8606,7.29
7643,4.85
6235,3.9
4358,3.6
5364,3.05
4929,4.14
5734,8.28
8129,6.46
7183,3.89
4359,4.87
6236,3.04
4930,3.6
5365,7.3
7644,4.12
5735,3.04
4931,9.09
6662,3.89
4360,18.75
9572,9.27
8607,3.6
5366,4.86
6237,6.44
7184,3.04
4932,4.11
5736,8.29
8130,3.9
4361,3.6
5367,3.06
4933,7.3
7645,4.87
6238,16.91
9087,4.14
5737,3.9
4362,3.67
5368,6.45
7185,3.04
4934,9.07
6663,9.29
8608,4.86
6239,4.12
5738,8.32
8131,3.6
5369,3.05
4935,3.9
4363,7.3
7646,3.05
4936,6.45
7186,3.61
5370,4.13
5739,3.9
4364,4.86
6240,3.05
4937,9.08
6664,3.6
5371,9.26
8609,18.73
9573,4.12
5740,3.9
4365,8.25
8132,7.3
7647,4.86
6241,6.44
7187,3.61
5372,16.89
9088,5.54
4938,3.9
4366,4.12
5741,4.87
6242,3.61
5373,3.05
4939,9.08
6665,3.91
4367,4.13
5742,7.31
7648,6.46
7188,8.27
8133,9.28
8610,3.05
4940,3.62
5374,4.89
6243,3.91
4368,4.13
5743,3.05
4941,3.61
5375,6.46
7189,7.32
7649,4.88
6244,3.91
4369,3.05
4942,4.12
5744,9.08
6666,8.26
8134,3.61
5376,9.25
8611,18.73
9574,3.05
4943,3.91
4370,16.87
9089,4.87
6245,4.13
5745,3.61
5377,6.46
7190,3.07
4944,7.3
7650,3.91
4371,3.67
5378,4.13
5746,8.27
8135,3.05
4945,4.87
6246,9.08
6667,9.26
8612,3.91
4372,6.46
7191,3.62
5379,3.06
4946,4.14
5747,7.31
7651,4.87
6247,3.06
4947,3.91
4373,3.62
5380,4.13
5748,8.27
8136,2.39
4948,6.46
7192,9.08
6668,4.88
6248,3.92
4374,3.63
5381,9.27
8613,3.07
4949,18.72
9575,4.14
5749,16.86
9090,7.32
7652,3.63
5382,3.93
4375,3.05
4950,4.88
6249,6.46
7193,4.14
5750,8.27
8137,3.62
5383,3.06
4951,3.92
4376,9.1
6669,7.31
7653,4.87
6250,4.15
5751,9.27
8614,3.06
4952,3.62
5384,3.92
4377,6.47
7194,3.07
4953,4.14
5752,8.28
8138,4.89
6251,3.62
5385,3.93
4378,3.06
4954,7.3
7654,9.09
6670,3.63
5386,6.46
7195,4.15
5753,16.88
9091,4.89
6252,3.94
4379,9.28
8615,3.07
4955,18.72
9576,3.63
5387,4.14
5754,8.28
8139,3.06
4956,3.93
4380,7.32
7655,4.88
6253,6.47
7196,3.69
5388,3.2
4957,9.1
6671,4.14
5755,3.93
4381,9.28
8616,4.88
6254,3.62
5389,3.07
4958,4.14
5756,8.28
8140,6.46
7197,3.93
4382,7.31
7656,3.08
4959,3.63
5390,4.88
6255,4.13
5757,3.93
4383,3.08
4960,9.09
6672,16.87
9092,3.63
5391,6.47
7198,9.26
8617,3.08
4961,7.32
7657,4.88
6256,18.73
9577,4.14
5758,3.93
4384,8.26
8141,3.64
5392,3.07
4962,3.94
4385,4.16
5759,3.64
5393,4.88
6257,6.48
7199,3.08
4963,9.1
6673,7.32
7658,3.94
4386,3.64
5394,4.15
5760,9.27
8618,8.27
8142,3.09
4964,4.9
6258,6.48
7200,3.08
4965,3.63
5395,3.94
4387,4.15
5761,16.88
9093,7.31
7659,4.89
6259,3.08
4966,9.11
6674,3.63
5396,3.94
4388,4.14
5762,8.3
8143,9.28
8619,3.08
4967,6.63
7201,18.75
9578,3.65
5397,4.89
6260,3.95
4389,4.17
5763,3.09
4968,7.33
7660,3.71
5398,3.94
4390,9.1
6675,3.08
4969,4.89
6261,6.48
7202,4.15
5764,8.29
8144,3.65
5399,9.29
8620,3.09
4970,3.94
4391,7.33
7661,4.16
5765,4.91
6262,3.64
5400,3.08
4971,16.92
9094,6.49
7203,3.94
4392,9.11
6676,4.16
5766,3.08
4972,8.29
8145,3.64
5401,4.9
6263,3.95
4393,9.28
8621,7.34
7662,3.08
4973,4.16
5767,18.79
9579,3.66
5402,6.49
7204,4.9
6264,3.09
4974,3.95
4394,3.64
5403,4.16
5768,8.28
8146,9.12
6677,3.09
4975,3.96
4395,7.34
7663,4.9
6265,6.48
7205,3.65
5404,9.28
8622,3.09
4976,4.16
5769,16.92
9095,3.95
4396,3.65
5405,3.1
4977,4.9
6266,4.17
5770,8.29
8147,6.49
7206,7.33
7664,9.13
6678,3.98
4397,3.1
4978,3.65
5406,4.91
6267,9.28
8623,3.09
4979,3.96
4398,3.66
5407,18.78
9580,6.5
7207,3.11
4980,8.3
8148,8.31
5771,7.34
7665,4.91
6268,3.97
4399,3.71
5408,9.12
6679,3.09
4981,3.65
5409,3.97
4400,4.91
6269,6.48
7208,9.29
8624,3.1
4982,16.92
9096,7.19
8149,7.35
5772,7.34
7666,3.66
5410,3.97
4401,4.91
6270,9.13
6680,4.17
5773,6.51
7209,3.67
5411,3.97
4402,7.34
7667,4.92
6271,9.3
8625,8.3
8150,9.6
4983,4.16
5774,3.66
5412,18.75
9581,3.97
4403,6.49
7210,3.11
4984,3.67
5413,4.93
6272,4.18
5775,9.13
6681,3.98
4404,3.1
4985,7.35
7668,16.95
9097,3.66
5414,8.32
8151,4.18
5776,9.33
8626,6.5
7211,3.1
4986,4.91
6273,3.97
4405,3.67
5415,3.1
4987,4.18
5777,3.97
4406,9.12
6682,7.35
7669,4.91
6274,3.66
5416,3.11
4988,6.5
7212,8.29
8152,4.18
5778,3.98
4407,9.28
8627,3.1
4989,3.73
5417,4.92
6275,18.8
9582,4.18
5779,3.97
4408,7.35
7670,6.49
7213,3.58
4990,3.66
5418,9.12
6683,4.92
6276,16.91
9098,8.31
8153,3.99
4409,4.17
5780,3.12
4991,3.67
5419,9.3
8628,3.12
4992,7.35
7671,6.5
7214,4.92
6277,3.98
4410,4.17
5781,3.67
5420,3.11
4993,9.13
6684,8.32
8154,3.99
4411,3.68
5421,4.19
5782,4.93
6278,3.12
4994,6.5
7215,7.38
7672,9.31
8629,3.68
5422,3.98
4412,3.12
4995,4.17
5783,18.74
9583,4.92
6279,3.66
5423,3.12
4996,16.91
9099,3.99
4413,9.13
6685,8.3
8155,6.49
7216,4.19
5784,7.36
7673,4.92
6280,3.12
4997,3.67
5424,3.99
4414,9.3
8630,4.2
5785,3.13
4998,3.68
5425,6.5
7217,4.93
6281,3.99
4415,8.3
8156,3.12
4999,4.19
5786,9.14
6686,7.35
7674,3.68
5426,3.99
4416,3.13
4416,4.92
6282,4.09
5787,6.41
7218,9.15
8631,3.53
5427,3.09
4417,18.42
9584,7.2
6687,6.97
7675,16.54
9100,7.92
8157,4.52
6283,3.84
5788,2.23
4418,3.38
5428,5.97
7219,2.23
4419,3.37
5429,3.84
5789,4.52
6284,5.12
6688,2.24
4420,8.54
8632,6.74
7676,2.23
4421,7.62
8158,3.38
5430,3.84
5790,5.98
7220,4.53
6285,2.24
4422,5.14
6689,3.38
5431,2.24
4423,3.84
5791,6.75
7677,4.53
6286,2.25
4424,3.38
5432,8.55
8633,5.96
7221,7.61
8159,5.13
6690,15.5
9101,3.85
5792,2.25
4425,17.2
9585,3.38
5433,4.52
6287,2.24
4426,3.85
5793,6.74
7678,5.13
6691,5.97
7222,2.25
4427,3.37
5434,7.63
8160,4.53
6288,8.53
8634,2.24
4428,3.86
5794,3.38
5435,2.24
4429,5.13
6692,5.98
7223,6.75
7679,4.53
6289,2.24
4430,4.03
5795,3.39
5436,2.25
4431,7.62
8161,5.19
6693,15.57
9102,3.38
5437,3.85
5796,8.54
8635,4.53
6290,2.24
4432,5.98
7224,6.75
7680,17.28
9586,2.25
4433,3.39
5438,3.85
5797,5.13
6694,4.54
6291,2.25
4434,7.63
8162,3.39
5439,5.98
7225,2.25
4435,3.85
5798,8.54
8636,6.75
7681,5.14
6695,4.54
6292,2.25
4436,3.38
5440,3.86
5799,2.26
4437,5.98
7226,3.39
5441,4.53
6293,2.25
4438,7.63
8163,5.14
6696,15.51
9103,3.87
5800,6.76
7682,2.26
4439,3.39
5442,8.54
8637,2.26
4440,4.53
6294,5.98
7227,3.85
5801,17.22
9587,5.13
6697,3.39
5443,2.26
4441,7.65
8164,6.76
7683,2.26
4442,3.86
5802,4.53
6295,3.39
5444,5.13
6698,5.98
7228,2.26
4443,8.55
8638,3.39
5445,3.87
5803,2.26
4444,4.54
6296,6.76
7684,7.64
8165,5.13
6699,2.36
4445,3.4
5446,15.53
9104,3.86
5804,5.97
7229,4.53
6297,2.26
4446,3.4
5447,8.56
8639,2.27
4447,3.86
5805,5.2
6700,6.76
7685,17.23
9588,4.54
6298,2.27
4448,5.98
7230,7.62
8166,3.4
5448,3.86
5806,2.27
4449,5.13
6701,3.4
5449,4.54
6299,2.27
4450,3.86
5807,6.76
7686,8.55
8640,5.97
7231,2.26
4451,3.4
5450,7.64
8167,5.14
6702,4.55
6300,2.27
4452,15.55
9105,3.86
5808,3.4
5451,2.27
4453,5.99
7232,6.76
7687,3.86
5809,4.55
6301,2.27
4454,5.15
6703,3.41
5452,8.54
8641,7.64
8168,2.27
4455,17.26
9589,3.4
5453,3.86
5810,5.99
7233,4.55
6302,2.27
4456,5.16
6704,6.78
7688,2.28
4457,3.42
5454,3.88
5811,4.56
6303,2.27
4458,8.57
8642,7.65
8169,5.15
6705,3.4
5455,6.01
7234,15.55
9106,2.27
4459,3.88
5812,6.76
7689,4.56
6304,2.28
4460,3.4
5456,3.87
5813,5.21
6706,2.29
4461,6
7235,7.65
8170,3.41
5457,8.55
8643,4.56
6305,2.28
4462,3.87
5814,6.77
7690,2.29
4463,3.42
5458,17.29
9590,5.16
6707,5.99
7236,4.56
6306,2.28
4464,3.88
5815,3.41
5459,7.64
8171,2.28
4465,5.16
6708,6.76
7691,8.56
8644,15.59
9107,3.88
5816,2.29
4466,3.42
5460,4.76
6307,6
7237,2.28
4467,3.88
5817,3.41
5461,5.16
6709,2.28
4468,4.56
6308,7.64
8172,6.77
7692,2.29
4469,3.42
5462,6
7238,3.89
5818,8.57
8645,5.15
6710,2.28
4470,4.56
6309,3.42
5463,17.24
9591,3.87
5819,2.29
4471,6.78
7693,7.64
8173,6
7239,2.29
4472,3.42
5464,4.57
6310,5.16
6711,15.55
9108,3.88
5820,2.29
4473,8.55
8646,3.41
5465,2.29
4474,4.56
6311,3.88
5821,6.78
7694,6
7240,5.16
6712,7.65
8174,2.3
4475,3.42
5466,3.89
5822,2.29
4476,4.57
6312,3.42
5467,5.22
6713,8.56
8647,6.01
7241,2.3
4477,6.77
7695,3.89
5823,3.42
5468,2.3
4478,4.58
6313,17.22
9592,7.65
8175,5.16
6714,2.3
4479,15.54
9109,3.89
5824,3.56
5469,6
7242,2.3
4480,4.57
6314,6.78
7696,8.56
8648,3.43
5470,3.88
5825,5.16
6715,7.66
8176,4.16
4481,4.57
6315,6.01
7243,3.43
5471,3.89
5826,2.3
4482,6.79
7697,5.16
6716,2.3
4483,4.57
6316,3.43
5472,8.56
8649,3.89
5827,6.01
7244,2.31
4484,7.65
8177,3.44
5473,17.23
9593,5.17
6717,2.31
4485,4.58
6317,15.54
9110,6.79
7698,3.9
5828,2.3
4486,3.43
5474,6.01
7245,3.89
5829,2.3
4487,5.17
6718,4.58
6318,8.57
8650,7.66
8178,3.44
5475,2.3
4488,6.78
7699,3.89
5830,2.3
4489,4.59
6319,3.43
5476,6.01
7246,5.22
6719,2.3
4490,3.9
5831,3.43
5477,7.66
8179,8.57
8651,2.31
4491,4.58
6320,6.78
7700,5.17
6720,6
7247,15.53
9111,2.31
4492,3.89
5832,3.43
5478,17.22
9594,2.31
4493,4.58
6321,3.44
5479,3.89
5833,5.17
6721,7.66
8180,2.31
4494,6.78
7701,6.02
7248,8.59
8652,2.32
4495,4.59
6322,3.44
5480,3.9
5834,2.31
4496,5.19
6722,3.44
5481,6.02
7249,2.32
4497,6.79
7702,4.58
6323,3.9
5835,7.67
8181,2.32
4498,3.45
5482,5.18
6723,8.57
8653,15.54
9112,3.9
5836,2.32
4499,4.59
6324,3.44
5483,6.02
7250,17.24
9595,6.79
7703,2.31
7703,3.81
5837,5.07
6724,7.54
8182,4.38
6325,3.23
5484,8.17
8654,3.55
5838,5.57
7251,3.15
5485,4.78
6725,6.21
7704,4.18
6326,10.36
9113,3.56
5839,6.98
8183,3.14
5486,10.21
9596,5.48
7252,4.18
6327,4.72
6726,3.14
5487,3.56
5840,7.79
8655,6.19
7705,4.17
6328,3.14
5488,3.55
5841,6.97
8184,4.71
6727,5.48
7253,8.64
9114,3.13
5489,6.18
7706,3.55
5842,4.16
6329,9.58
9597,7.79
8656,4.71
6728,3.14
5490,5.48
7254,6.97
8185,3.55
5843,4.17
6330,3.14
5491,8.63
9115,6.19
7707,4.72
6729,3.55
5844,5.48
7255,4.18
6331,3.14
5492,7.81
8657,9.59
9598,6.98
8186,3.56
5845,4.72
6730,3.13
5493,6.19
7708,4.18
6332,5.48
7256,3.57
5846,8.65
9116,3.15
5494,4.72
6731,7.79
8658,4.18
6333,6.98
8187,3.57
5847,3.14
5495,6.18
7709,5.49
7257,9.58
9599,4.78
6732,4.19
6334,3.15
5496,3.56
5848,8.65
9117,5.48
7258,3.14
5497,6.99
8188,6.19
7710,7.82
8659,4.72
6733,3.57
5849,4.2
6335,3.15
5498,3.57
5850,9.58
9600,4.19
6336,4.72
6734,5.49
7259,3.15
5499,6.19
7711,6.98
8189,8.64
9118,3.56
5851,7.81
8660,4.18
6337,3.15
6337,4.66
6735,5.34
7260,3.39
5852,5.89
7712,3.8
6338,6.53
8190,9.12
9601,4.28
6736,3.22
5853,7.18
8661,8.01
9119,4.96
7261,3.78
6339,3.22
5854,5.6
7713,4.26
6737,6.29
8191,3.77
6340,4.94
7262,3.21
5855,7.03
8662,8.63
9602,4.3
6738,7.78
9120,5.58
7714,3.21
5856,3.78
6341,4.94
7263,6.3
8192,4.26
6739,3.21
5857,3.77
6342,5.57
7715,7.04
8663,3.23
5858,4.94
7264,7.79
9121,8.63
9603,4.25
6740,3.77
6343,6.58
8193,3.21
5859,5.57
7716,4.95
7265,4.25
6741,3.77
6344,7.02
8664,3.22
5860,7.81
9122,6.32
8194,3.78
6345,8.63
9604,4.25
6742,3.22
5861,5.57
7717,4.95
7266,3.79
6346,7.03
8665,3.23
5862,4.27
6743,4.96
7267,6.32
8195,5.59
7718,3.22
5863,7.8
9123,3.78
6347,4.31
6744,8.65
9605,3.22
5864,7.04
8666,3.78
6348,5.59
7719,6.3
7268,6.31
8196,4.27
6745,3.22
5865,7.8
9124,3.78
6349,3.23
5866,4.94
7269,5.58
7720,4.26
6746,8.63
9606,7.03
8667,6.3
8197,3.79
6350,3.23
5867,4.27
6747,4.95
7270,7.8
9125,3.79
6351,5.6
7721,3.22
5868,7.03
8668,6.31
8198,4.27
6748,8.65
9607,3.22
5869,3.78
6352,4.95
7271,5.59
7722,3.22
5870,4.26
6749,3.79
6353,7.79
9126,6.31
8199,7.02
8669,4.95
7272,3.23
5871,3.78
6354,5.59
7723,4.27
6750,8.64
9608,3.24
5872,4.97
7273,6.3
8200,3.79
6355,7.8
9127,4.32
6751,7.04
8670,3.24
5873,5.59
7724,3.79
6356,4.95
7274,3.24
5874,4.27
6752,8.64
9609,6.29
8201,5.59
7725,3.79
6357,3.24
5875,7.04
8671,7.8
9128,4.95
7275,4.28
6753,3.23
5876,3.79
6358,6.3
8202,5.59
7726,4.27
6754,4.96
7276,8.65
9610,3.25
5877,3.79
6359,7.05
8672,7.79
9129,3.24
5878,4.27
6755,6.3
8203,5.6
7727,3.79
6360,4.97
7277,3.24
5879,7.04
8673,4.28
6756,3.79
6361,8.66
9611,7.8
9130,4.97
7278,3.24
5880,5.6
7728,6.31
8204,3.81
6362,4.32
6757,3.24
5881,4.97
7279,7.05
8674,5.6
7729,3.8
6363,3.25
5882,4.28
6758,6.31
8205,7.8
9131,8.64
9612,3.25
5883,4.96
7280,3.79
6364,4.28
6759,5.6
7730,7.06
8675,3.24
5884,6.32
8206,3.8
6365,4.97
7281,7.81
9132,4.28
6760,8.65
9613,3.24
5885,5.6
7731,3.8
6366,7.05
8676,3.25
5886,4.27
6761,6.3
8207,4.97
7282,3.8
6367,5.6
7732,3.25
5887,7.8
9133,4.28
6762,4.97
7283,8.65
9614,3.81
6368,3.26
5888,6.32
8208,7.04
8677,5.6
7733,4.33
6763,3.81
6369,3.25
5889,4.97
7284,7.81
9134,6.32
8209,3.25
5890,4.29
6764,3.81
6370,7.05
8678,8.65
9615,5.61
7734,4.98
7285,3.26
5891,3.81
6371,4.29
6765,6.31
8210,7.82
9135,3.25
5892,5.61
7735,4.97
7286,7.05
8679,3.81
6372,4.29
6766,8.66
9616,3.25
5893,3.82
6373,4.99
7287,6.32
8211,5.83
7736,3.27
5894,4.44
6767,7.82
9136,7.07
8680,3.81
6374,3.26
5895,4.97
7288,4.29
6768,8.67
9617,5.59
7737,6.31
8212,3.81
6375,3.25
5896,4.29
6769,7.81
9137,7.05
8681,4.98
7289,3.26
5897,3.81
6376,5.6
7738,6.31
8213,4.3
6770,3.27
5898,8.66
9618,3.82
6377,4.97
7290,7.1
8682,3.26
5899,5.61
7739,7.83
9138,4.29
6771,3.81
6378,6.32
8214,4.98
7291,3.27
5900,4.29
6772,3.81
6379,5.61
7740,8.66
9619,3.27
5901,7.06
8683,4.99
7292,7.83
9139,6.33
8215,3.82
6380,4.29
6773,3.26
5902,5.62
7741,4.99
7293,3.82
6381,3.27
5903,4.29
6774,7.06
8684,6.33
8216,8.67
9620,7.84
9140,3.28
5904,3.84
6382,5.63
7742,5
7294,4.32
6775,3.28
5905,3.83
6383,7.12
8685,6.42
8217,4.31
6776,5.63
7743,4.99
7295,3.26
5906,8.67
9621,7.83
9141,3.83
6384,3.28
5907,4.3
6777,6.33
8218,4.99
7296,7.05
8686,5.62
7744,3.82
6385,3.27
5908,4.3
6778,7.82
9142,3.82
6386,8.68
9622,4.98
7297,3.27
5909,6.33
8219,5.63
7745,7.08
8687,4.3
6779,3.82
6387,3.27
5910,4.99
7298,3.27
5911,7.82
9143,5.62
7746,4.3
6780,3.83
6388,6.34
8220,8.68
9623,7.08
8688,3.28
5912,5
7299,3.83
6389,4.3
6781,5.62
7747,3.27
5913,6.33
8221,7.84
9144,3.83
6390,4.99
7300,4.3
6782,3.27
5914,7.11
8689,8.66
9624,5.63
7748,3.84
6391,3.27
5915,4.31
6783,4.99
7301,6.34
8222,3.84
6392,7.84
9145,3.28
5916,5.63
7749,7.09
8690,4.31
6784,4.99
7302,8.66
9625,3.84
6393,3.28
5917,6.33
8223,4.32
6785,5.63
7750,3.28
5918,5
7303,3.84
6394,7.83
9146,7.07
8691,4.31
6786,6.34
8224,3.27
5919,3.84
6395,8.68
9626,5.63
7751,4.99
7304,3.28
5920,4.31
6787,3.84
6396,7.07
8692,7.83
9147,6.33
8225,3.29
5921,4.99
7305,5.63
7752,4.32
6788,3.84
6397,3.29
5922,8.68
9627,5.01
7306,7.12
8693,3.84
6398,6.35
8226,4.32
6789,7.83
9148,3.3
5923,5.63
7753,3.84
6399,3.29
5924,5
7307,4.33
6790,8.69
9628,5.63
7754,6.34
8227,7.08
8694,3.29
5925,3.84
6400,7.83
9149,4.31
6791,4.99
7308,3.29
5926,3.84
6401,5.64
7755,6.34
8228,4.31
6792,3.3
5927,7.07
8695,5.01
7309,8.67
9629,3.85
6402,7.84
9150,3.3
5928,4.32
6793,5.64
7756,6.34
8229,3.85
6403,5
7310,3.3
5929,7.09
8696,4.33
6794,3.86
6404,5.66
7757,8.69
9630,3.34
5930,7.86
9151,5.04
7311,6.38
8230,4.34
6795,3.87
6405,3.45
5931,7.15
8697,5.66
7758,5.02
7312,3.31
5932,4.33
6796,3.85
6406,6.36
8231,7.85
9152,8.7
9631,3.3
5933,5.02
7313,5.65
7759,3.88
6407,4.34
6797,7.11
8698,3.31
5934,6.37
8232,3.95
6408,4.34
6798,5.03
7314,7.87
9153,5.67
7760,3.37
5935,8.72
9632,7.12
8699,3.86
6409,4.33
6799,3.31
5936,6.38
8233,5.01
7315,5.65
7761,3.86
6410,3.31
5937,7.86
9154,4.33
6800,7.08
8700,8.68
9633,5.02
7316,3.86
6411,3.3
5938,6.36
8234,5.65
7762,4.33
6801,3.31
5939,3.86
6412,5.02
7317,7.84
9155,7.13
8701,4.33
6802,3.31
5940,5.64
7763,6.34
8235,3.86
6413,8.69
9634,5.01
7318,3.31
5941,4.33
6803,3.87
6414,5.64
7764,7.83
9156,7.08
8702,3.31
5942,6.35
8236,5
7319,4.34
6804,3.86
6415,3.3
5943,8.69
9635,5.65
7765,3.86
6416,4.34
6805,5.02
7320,6.35
8237,3.31
5944,7.08
8703,7.84
9157,3.86
6417,3.32
5945,4.33
6806,5.66
7766,5.02
7321,8.69
9636,6.35
8238,3.31
5946,3.87
6418,7.08
8704,4.34
6807,7.85
9158,5.02
7322,5.67
7767,3.31
5947,3.87
6419,4.34
6808,6.36
8239,3.31
5948,8.69
9637,5.02
7323,7.15
8705,3.86
6420,5.65
7768,3.32
5949,7.86
9159,4.34
6809,3.87
6421,6.36
8240,5.03
7324,3.31
5950,5.65
7769,4.34
6810,7.1
8706,3.86
6422,8.69
9638,3.31
5951,7.85
9160,5.03
7325,6.36
8241,4.35
6811,3.87
6423,3.33
5952,5.66
7770,7.09
8707,5.03
7326,3.32
5953,4.35
6812,3.87
6424,8.69
9639,6.37
8242,5.66
7771,7.86
9161,4.22
5954,3.86
6425,4.35
6813,5.04
7327,7.16
8708,3.33
5955,5.67
7772,6.37
8243,3.87
6426,4.36
6814,5.04
7328,7.86
9162,8.69
9640,3.32
5956,3.87
6427,4.35
6815,7.1
8709,5.65
7773,3.32
5957,6.38
8244,5.03
7329,3.88
6428,4.35
6816,3.33
5958,7.86
9163,8.68
9641,5.66
7774,3.88
6429,5.04
7330,7.1
8710,3.33
5959,6.37
8245,4.35
6817,3.89
6430,3.33
5960,5.66
7775,5.28
7331,7.87
9164,4.36
6818,6.38
8246,7.1
8711,3.34
5961,3.88
6431,8.7
9642,5.04
7332,4.56
6819,5.66
7776,3.33
5962,3.89
6432,6.37
8247,7.87
9165,3.34
5963,7.15
8712,4.36
6820,5.04
7333,3.89
6433,5.67
7777,8.7
9643,3.34
5964,3.88
6434,4.35
6821,6.36
8248,5.03
7334,3.33
5965,7.1
8713,7.87
9166,5.67
7778,3.89
6435,4.35
6822,3.33
5966,8.71
9644,5.03
7335,6.37
8249,3.88
6436,3.33
5967,5.67
7779,4.36
6823,7.11
8714,7.87
9167,5.03
7336,3.35
5968,3.88
6437,4.35
6824,6.38
8250,5.67
7780,8.7
9645,3.34
5969,3.88
6438,5.04
7337,7.11
8715,4.36
6825,7.88
9168,3.34
5970,3.9
6439,5.67
7781,6.37
8251,5.05
7338,3.35
5971,4.36
6826,3.89
6440,8.71
9646,7.15
8716,3.35
5972,5.67
7782,7.87
9169,6.38
8252,4.37
6827,5.04
7339,3.89
6441,3.34
5973,4.36
6828,7.11
8717,3.9
6442,5.67
7783,5.04
7340,3.34
5974,8.72
9647,6.39
8253,7.87
9170,3.9
6443,4.36
6829,3.35
5975,5.05
7341,5.67
7784,7.11
8718,3.34
5976,3.89
6444,6.38
8254,4.38
6830,8.72
9648,5.05
7342,3.35
5977,7.86
9171,5.68
7785,3.89
6445,4.37
6831,3.35
5978,7.11
8719,6.38
8255,5.05
7343,3.9
6446,4.37
6832,5.68
7786,3.35
5979,8.71
9649,7.87
9172,3.9
6447,5.06
7344,6.39
8256,3.36
5980,7.18
8720,4.38
6833,5.69
7787,3.91
6448,3.5
5981,5.05
7345,4.38
6834,7.88
9173,6.38
8257,8.7
9650,3.9
6449,3.35
5982,7.13
8721,5.7
7788,4.38
6835,5.06
7346,3.38
5983,3.91
6450,6.4
8258,5.68
7789,3.37
5984,7.89
9174,4.4
6836,3.91
6451,7.13
8722,5.07
7347,8.73
9651,3.36
5985,4.37
6837,3.91
6452,5.69
7790,6.4
8259,5.07
7348,3.36
5986,7.88
9175,7.11
8723,3.9
6453,4.38
6838,3.36
5987,8.72
9652,5.68
7791,5.07
7349,6.4
8260,3.91
6454,4.38
6839,3.37
5988,7.17
8724,7.88
9176,3.9
6455,5.06
7350,3.37
5989,5.69
7792,4.38
6840,6.4
8261,8.73
9653,3.37
5990,3.91
6456,5.06
7351,4.39
6841,7.12
8725,5.69
7793,3.36
5991,7.88
9177,3.91
6457,6.39
8262,4.38
6842,5.07
7352,3.36
5992,8.72
9654,3.91
6458,5.68
7794,7.12
8726,3.37
5993,4.38
6843,6.39
8263,7.88
9178,5.06
7353,3.92
6459,3.37
5994,5.69
7795,4.4
6844,3.91
6460,8.72
9655,5.07
7354,7.17
8727,3.37
5995,6.4
8264,7.88
9179,5.69
7796,4.38
6845,3.92
6461,3.37
5996,5.06
7355,3.37
5997,3.92
6462,6.4
8265,4.38
6846,8.71
9656,5.7
7797,5.07
7356,3.37
5998,7.89
9180,10.7
8728,3.92
6463,4.39
6847,6.41
8266,3.38
5999,5.7
7798,3.92
6464,5.07
7357,4.39
6848,8.72
9657,3.38
9657,7.69
9181,3.69
6465,6
8267,5.3
7799,4.63
7358,9.19
8729,3.93
6849,3.39
6466,3.79
6850,4.39
7359,4.91
7800,7.52
9658,5.53
8268,6.8
9182,3.38
6467,6.21
8730,3.79
6851,4.37
7360,3.38
6468,4.93
7801,5.52
8269,3.78
6852,6.79
9183,7.52
9659,3.38
6469,6.14
8731,4.37
7361,4.91
7802,3.79
6853,3.38
6470,5.51
8270,4.38
7362,6.14
8732,6.79
9184,3.38
6471,3.8
6854,4.91
7803,7.52
9660,5.5
8271,4.36
7363,3.37
6472,3.78
6855,4.91
7804,6.13
8733,6.8
9185,3.4
6473,4.38
7364,4.03
6856,5.55
8272,7.54
9661,3.41
6474,5.97
7805,4.39
7365,3.8
6857,6.22
8734,6.83
9186,3.38
6475,5.51
8273,3.79
6858,7.52
9662,4.37
7366,5.2
7806,3.39
6476,6.14
8735,3.79
6859,5.53
8274,6.79
9187,3.38
6477,4.37
7367,4.92
7807,3.79
6860,7.51
9663,3.39
6478,6.14
8736,4.37
7368,5.52
8275,4.91
7808,3.78
6861,3.38
6479,6.81
9188,4.36
7369,6.14
8737,5.51
8276,3.38
6480,3.79
6862,7.51
9664,4.92
7809,4.38
7370,3.38
6481,6.8
9189,3.79
6863,5.52
8277,4.92
7810,6.2
8738,3.39
6482,4.4
7371,3.84
6864,7.56
9665,3.44
6483,6.85
9190,4.97
7811,5.7
8278,3.82
6865,4.43
7372,6.2
8739,3.39
6484,3.8
6866,7.55
9666,4.93
7812,4.39
7373,5.59
8279,3.4
6485,6.82
9191,6.18
8740,3.81
6867,3.4
6486,4.93
7813,4.39
7374,5.59
8280,7.54
9667,3.8
6868,3.4
6487,6.81
9192,6.14
8741,4.39
7375,4.91
7814,3.8
6869,3.4
6488,5.52
8281,4.39
7376,4.92
7815,7.52
9668,3.39
6489,3.8
6870,6.8
9193,6.19
8742,5.53
8282,4.39
7377,3.39
6490,3.8
6871,4.93
7816,6.15
8743,3.4
6491,6.81
9194,7.52
9669,4.37
7378,3.8
6872,5.52
8283,4.91
7817,3.39
6492,3.8
6873,4.38
7379,6.15
8744,6.8
9195,3.54
6493,5.54
8284,4.92
7818,7.53
9670,3.81
6874,4.38
7380,3.4
6494,6.15
8745,3.8
6875,5.52
8285,4.91
7819,6.8
9196,3.4
6495,4.38
7381,7.51
9671,3.8
6876,3.41
6496,4.93
7820,6.2
8746,5.53
8286,4.39
7382,3.81
6877,6.82
9197,3.4
6497,4.93
7821,4.38
7383,7.53
9672,5.52
8287,3.8
6878,3.4
6498,6.16
8747,4.39
7384,6.8
9198,3.4
6499,4.92
7822,3.81
6879,5.52
8288,6.15
8748,3.41
8748,7.52
9673,3.75
6880,4.3
7385,4.72
7823,6.33
9199,4.97
8289,3.25
6881,3.75
7386,5.31
8749,4.18
7824,6.41
9674,3.23
6882,4.69
8290,3.72
7387,5.77
9200,4.17
7825,5.24
8750,3.23
6883,3.71
7388,4.69
8291,6.37
9675,3.23
6884,4.18
7826,5.77
9201,5.21
8751,3.72
7389,3.23
6885,4.68
8292,4.17
7827,6.37
9676,3.72
7390,3.22
6886,5.76
9202,5.21
8752,4.68
8293,4.18
7828,3.73
7391,3.23
6887,6.37
9677,5.22
8753,5.78
9203,3.23
6888,4.17
7829,3.72
7392,4.68
8294,3.23
6889,3.72
7393,4.17
7830,5.26
8754,4.67
8295,5.77
9204,6.38
9678,3.23
6890,3.72
7394,4.17
7831,3.23
6891,4.68
8296,5.22
8755,5.76
9205,3.73
7395,6.37
9679,4.19
7832,3.24
6892,4.7
8297,5.23
8756,3.73
7396,3.23
6893,4.17
7833,5.77
9206,6.38
9680,3.73
7397,4.69
8298,3.24
6894,5.21
8757,4.18
7834,3.23
6895,3.74
7398,5.77
9207,4.69
8299,6.4
9681,4.19
7835,5.26
8758,3.24
6896,3.73
7399,5.77
9208,4.68
8300,3.22
6897,4.18
7836,3.72
7400,5.22
8759,6.36
9682,3.23
6898,4.7
8301,4.19
7837,3.75
7401,5.78
9209,3.26
6899,5.24
8760,6.39
9683,3.73
7402,4.18
7838,4.69
8302,3.25
6900,5.79
9210,5.24
8761,3.76
7403,4.21
7839,3.25
6901,4.72
8303,6.4
9684,3.74
7404,3.25
6902,5.78
9211,4.2
7840,5.27
8762,4.71
8304,3.25
6903,3.73
7405,4.19
7841,6.38
9685,5.77
9212,3.24
6904,5.23
8763,4.71
8305,3.74
7406,4.19
7842,3.25
6905,3.73
7407,6.39
9686,4.7
8306,5.24
8764,5.79
9213,3.25
6906,4.38
7843,3.73
7408,4.7
8307,3.26
6907,5.22
8765,4.19
7844,6.4
9687,5.77
9214,3.74
7409,3.25
6908,4.71
8308,4.19
7845,3.74
7410,5.27
8766,3.25
6909,5.78
9215,6.41
9688,4.7
8309,3.73
7411,3.26
6910,4.19
7846,5.23
8767,3.31
6911,5.83
9216,3.8
7412,4.76
8310,4.25
7847,6.44
9689,3.27
6912,5.3
8768,3.77
7413,4.2
7848,4.31
8311,6.05
9217,3.25
6913,6.41
9690,3.76
7414,5.25
8769,4.21
7849,3.26
6914,4.76
8312,3.77
7415,5.83
9218,3.29
6915,4.23
7850,5.32
8770,6.42
9691,4.73
8313,3.77
7416,3.26
6916,5.82
9219,4.21
7851,3.75
7417,5.23
8771,4.72
8314,3.26
6917,6.4
9692,4.21
7852,3.26
6918,5.82
9220,4.76
8315,5.3
8772,5.31
7418,3.33
6919,4.27
7853,6.47
9693,3.77
7419,4.74
8316,3.28
6920,5.85
9221,5.26
8773,4.22
7854,3.77
7420,3.27
6921,6.43
9694,4.86
8317,4.22
7855,5.3
8774,5.84
9222,3.79
7421,3.31
6922,4.74
8318,4.23
7856,3.26
6923,3.76
7422,6.42
9695,5.26
8775,5.82
9223,3.27
6924,4.21
7857,4.72
8319,3.75
7423,5.24
8776,3.25
6925,6.41
9696,5.8
9224,3.75
7424,4.2
7858,4.71
8320,3.26
6926,5.25
8777,3.76
7425,4.22
7859,3.28
6927,6.4
9697,5.79
9225,4.73
8321,3.77
7426,3.28
6928,4.23
7860,5.3
8778,4.74
8322,3.76
7427,5.8
9226,3.27
6929,6.42
9698,4.21
7861,5.25
8779,3.26
6930,3.76
7428,4.71
8323,4.21
7862,5.79
9227,6.41
9699,3.28
6931,3.76
7429,5.25
8780,4.71
8324,4.22
7863,3.27
6932,3.76
7430,5.79
9228,4.71
8325,6.4
9700,5.24
8781,3.27
6933,4.21
7864,3.77
7431,3.27
6934,5.78
9229,4.71
8326,4.22
7865,5.29
8782,3.77
7432,6.4
9701,3.28
6935,3.77
7433,4.73
8327,4.22
7866,5.81
9230,3.27
6936,5.26
8783,6.42
9702,3.77
7434,3.28
6937,4.22
7867,4.71
8328,5.8
9231,5.27
8784,3.28
6938,3.77
7435,4.21
7868,4.71
8329,6.41
9703,3.27
6939,3.77
7436,5.25
8785,5.8
9232,4.21
7869,3.27
6940,4.72
8330,3.76
7437,6.41
9704,4.23
7870,3.29
6941,5.29
8786,5.81
9233,3.78
7438,4.73
8331,3.28
6942,4.22
7871,5.25
8787,3.77
7439,6.4
9705,4.73
8332,3.28
6943,5.79
9234,4.23
7872,3.78
7440,3.29
8333,3.29
6944,5.26
8788,6.4
9706,4.22
7873,5.81
9235,3.77
7441,3.29
6945,4.74
8334,5.27
8789,3.29
6946,4.23
7874,3.79
7442,5.82
9236,6.42
9707,4.74
8335,3.29
6947,3.78
7443,4.23
7875,5.31
8790,3.29
6948,4.74
8336,5.82
9237,3.78
7444,6.42
9708,4.23
7876,3.28
6949,5.25
8791,3.78
7445,4.73
8337,4.22
7877,3.28
6950,5.79
9238,6.39
9709,5.25
8792,3.77
7446,3.29
6951,4.74
8338,4.22
7878,5.8
9239,3.77
7447,3.3
6952,5.27
8793,6.41
9710,4.23
7879,4.74
8339,3.29
6953,3.76
9240,3.77
7448,4.24
7880,5.31
8794,3.3
6954,4.74
8340,3.79
7449,6.42
9711,5.81
9241,3.29
6955,4.22
7881,3.78
7450,5.26
8795,4.74
8341,3.29
6956,6.42
9712,4.23
7882,3.78
7451,5.82
9242,4.73
8342,3.29
6957,5.26
8796,3.78
7452,4.22
7883,3.29
6958,6.41
9713,5.8
9243,4.73
8343,5.25
8797,3.78
7453,4.24
7884,3.3
6959,4.74
8344,3.79
7454,3.31
6960,5.82
9244,4.25
7885,6.42
9714,5.32
8798,3.3
6961,3.78
7455,4.74
8345,4.22
7886,5.8
9245,5.26
8799,3.29
6962,6.4
9715,3.78
7456,4.74
8346,4.24
7887,3.3
6963,3.79
7457,5.28
8800,5.82
9246,3.29
6964,4.23
7888,6.41
9716,4.74
8347,3.79
7458,3.3
6965,5.27
8801,4.24
7889,5.83
9247,4.75
8348,3.79
7459,3.3
6966,6.43
9717,4.25
7890,5.32
8802,3.8
7460,3.31
6967,4.76
8349,5.83
9248,4.24
7891,3.79
7461,3.31
6968,6.42
9718,5.26
8803,4.75
8350,5.81
9249,3.31
6969,3.79
7462,4.24
7892,5.28
8804,4.76
8351,6.42
9719,3.31
6970,3.81
7463,4.25
7893,5.84
9250,3.31
6971,4.76
8352,3.8
7464,5.28
8805,4.25
7894,6.42
9720,3.31
6972,5.83
9251,3.8
7465,4.75
8353,3.32
6973,4.25
7895,5.33
8806,3.79
7466,6.44
9721,3.31
6974,5.83
9252,4.74
8354,4.24
7896,5.28
8807,3.8
7467,3.31
6975,4.24
7897,4.98
8355,6.43
9722,5.82
9253,3.79
7468,3.31
6976,5.27
8808,4.24
7898,3.31
6977,3.79
7469,4.75
8356,5.83
9254,6.43
9723,5.28
8809,3.32
6978,4.25
7899,3.8
7470,4.75
8357,3.33
6979,3.81
7471,5.83
9255,5.32
8810,4.26
7900,6.44
9724,4.76
8358,3.32
6980,3.8
7472,4.25
7901,3.32
6981,5.28
8811,5.83
9256,4.76
8359,6.43
9725,3.8
7473,3.32
6982,4.24
7902,5.28
8812,3.8
7474,4.75
8360,5.83
9257,3.32
6983,4.25
7903,6.42
9726,3.81
7475,3.31
6984,5.29
8813,4.75
8361,4.26
7904,5.83
9258,3.31
6985,3.81
7476,6.44
9727,4.76
8362,5.32
8814,4.26
7905,3.32
6986,3.81
7477,5.83
9259,3.32
6987,4.25
7906,4.76
8363,5.28
8815,6.43
9728,3.81
7478,3.34
6988,5.84
9260,4.26
7907,3.81
7479,4.77
8364,5.3
8816,3.33
6989,6.44
9729,4.25
7908,3.81
7480,5.83
9261,3.33
8817,3.34
6990,4.76
8365,3.82
7481,4.27
7909,3.34
6991,6.44
9730,4.77
8366,5.34
8818,5.85
9262,3.81
7482,3.33
6992,4.27
7910,4.77
8367,3.33
6993,3.81
7483,5.28
8819,6.43
9731,5.84
9263,4.26
7911,3.33
6994,3.8
7484,4.75
8368,5.3
8820,4.26
7912,3.33
6995,6.42
9732,5.83
9264,3.81
7485,4.77
8369,3.34
6996,4.26
7913,5.29
8821,3.82
7486,5.84
9265,3.32
6997,6.43
9733,4.77
8370,4.26
7914,3.81
7487,5.34
8822,3.34
6998,4.77
8371,4.27
7915,5.85
9266,3.83
7488,6.45
9734,3.33
6999,5.3
8823,4.26
7916,3.32
7916,3.82
7489,4.77
8372,5.57
9267,5.91
9735,4.65
8824,3.17
7490,3.59
7917,3.96
8373,4.86
9268,3.17
7491,3.54
7918,4.39
8825,5.35
9736,3.96
8374,3.17
7492,3.53
7919,4.85
9269,3.96
8375,4.42
8826,3.17
7493,5.34
9737,3.54
7920,4.86
9270,3.17
7494,3.96
8376,4.4
8827,3.55
7921,5.35
9738,3.17
7495,3.95
8377,4.84
9271,4.4
8828,3.54
7922,3.17
7496,3.96
8378,5.35
9739,3.54
7923,4.39
8829,3.18
7497,4.84
9272,3.95
8379,3.53
7924,3.16
7498,5.34
9740,4.39
8830,4.84
9273,3.54
7925,3.17
7499,3.96
8380,4.44
8831,5.35
9741,3.18
9741,3.5
7926,4.8
9274,3.83
8381,3.76
8832,2.89
7927,3.21
8382,4.4
9742,3.93
9275,2.84
7928,3.53
8833,3.19
8383,3.9
9276,4.31
9743,2.85
7929,3.54
8834,3.19
8384,2.86
7930,3.91
9277,4.31
9744,3.2
8385,3.57
8835,2.85
7931,3.94
9278,3.25
8386,3.59
8836,4.36
9745,2.91
7932,3.91
9279,3.19
8387,2.85
7933,3.55
8837,4.3
9746,3.19
8388,2.86
7934,3.92
9280,3.55
8838,4.31
9747,2.86
7935,3.2
8389,3.91
9281,3.57
8839,2.86
7936,3.18
8390,4.31
9748,3.54
8840,3.92
9282,2.87
7937,3.21
8391,4.31
9749,2.86
7938,3.55
8841,3.91
9283,3.21
8392,2.88
7939,3.59
8842,4.36
9750,3.27
8393,4.01
9284,2.96
7940,3.67
8843,3.3
8394,4.42
9751,2.92
7941,3.97
9285,3.24
8395,3.6
8844,2.89
7942,3.95
9286,4.37
9752,3.26
8396,2.88
7943,3.58
8845,3.92
9287,4.33
9753,2.86
7944,3.2
8397,3.55
8846,2.86
7945,3.91
9288,3.19
8398,4.31
9754,3.57
8847,2.87
7946,3.2
8399,3.91
9289,3.55
8848,4.32
9755,2.86
7947,3.2
8400,3.91
9290,2.86
7948,3.55
8849,4.31
9756,3.19
8401,2.87
7949,3.91
9291,3.55
8850,3.19
8402,4.31
9757,2.86
7950,3.55
8851,3.91
9292,3.21
8403,2.87
7951,4.31
9758,3.59
8852,3.21
8404,3.92
9293,2.87
7952,4.31
9759,2.87
7953,3.55
8853,3.2
8405,3.91
9294,3.15
7954,3.2
8854,3.2
8406,4.32
9760,3.91
9295,2.87
7955,3.2
8407,3.55
8855,4.31
9761,3.92
9296,2.87
7956,3.2
8408,3.58
8856,2.88
7957,3.92
9297,4.33
9762,3.22
8409,3.56
8857,2.88
7958,3.22
8410,3.93
9298,4.33
9763,3.56
8858,2.88
7959,3.21
8411,2.88
7960,3.93
9299,3.56
8859,4.33
9764,3.21
8412,2.87
7961,3.93
9300,3.59
8860,3.22
8413,4.33
9765,2.88
7962,3.56
8861,3.92
9301,3.2
8414,2.87
7963,4.31
9766,3.55
8862,2.87
7964,3.21
8415,3.92
9302,4.3
9767,2.87
7965,3.56
8863,3.21
8416,3.93
9303,2.88
7966,3.21
8417,4.33
9768,3.6
8864,3.92
9304,2.89
7967,3.21
8418,3.56
8865,4.33
9769,2.88
7968,3.92
9305,3.22
8419,3.57
8866,2.88
7969,4.34
9770,3.93
9306,3.23
8420,2.89
7970,3.73
8867,3.22
8421,4.33
9771,3.93
9307,2.88
7971,3.56
8868,3.23
8422,2.9
7972,3.95
9308,4.35
9772,3.61
8869,2.88
7973,3.21
8423,3.94
9309,4.33
9773,3.57
8870,2.89
7974,3.22
8424,2.89
7975,3.93
9310,3.57
8871,3.22
8425,4.33
9774,2.89
7976,3.23
8426,3.57
8872,3.92
9311,4.34
9775,2.89
7977,3.23
8427,3.6
8873,3.94
9312,2.88
7978,4.33
9776,3.23
8428,3.58
8874,2.88
7979,3.93
9313,3.22
8429,4.33
9777,2.89
7980,3.57
8875,3.93
9314,3.23
8430,2.89
7981,3.57
8876,4.33
9778,3.94
9315,3.24
8431,2.91
7982,3.61
8877,4.33
9779,2.89
7983,3.23
8432,3.95
9316,3.58
8878,2.89
7984,3.23
8433,4.34
9780,3.93
9317,2.89
7985,3.57
8879,3.23
8434,4.34
9781,3.93
9318,2.9
7986,3.57
8880,3.23
8435,2.89
7987,3.94
9319,4.33
9782,3.23
8436,3.61
8881,2.9
7988,3.23
8437,3.94
9320,3.58
8882,4.34
9783,2.9
7989,3.23
8438,2.89
7990,3.57
8883,3.93
9321,4.33
9784,3.23
8439,2.89
7991,3.58
8884,3.93
9322,4.33
9785,3.23
8440,2.9
7992,3.61
8885,3.94
9323,2.91
7993,3.24
8441,4.33
9786,3.58
8886,2.89
7994,3.94
9324,3.22
8442,4.34
9787,3.58
8887,2.9
7995,3.23
8443,3.95
9325,2.9
7996,3.59
8888,4.33
9788,3.24
8444,3.95
9326,2.91
7997,3.58
8889,3.23
8445,4.36
9789,2.91
7998,3.95
9327,3.6
8890,3.24
8446,2.91
7999,4.33
9790,3.94
9328,3.23
8447,3.58
8891,2.91
8891,3.81
9791,3.39
9329,2.68
8448,2.87
8892,2.51
8449,3.06
9330,3.37
9792,2.78
8893,2.53
8450,2.81
8894,3.07
9331,3.38
9793,2.51
8451,2.78
8895,3.05
9332,3.36
9794,2.51
8452,2.78
8896,3.07
9333,2.52
8453,3.38
9795,2.78
8897,2.51
8454,3.06
9334,3.36
9796,2.8
8898,2.52
8455,3.05
9335,2.77
8899,3.37
9797,2.51
8456,3.06
9336,2.51
8457,2.78
8900,3.37
9798,3.06
9337,2.51
8458,2.78
8901,3.37
9799,3.06
9338,2.51
8459,2.77
8902,2.51
8460,3.37
9800,3.06
9339,2.79
8903,2.51
8461,3.36
9801,3.06
9340,2.77
8904,2.51
8462,3.06
9341,2.78
8905,3.37
9802,2.51
8463,2.78
8906,3.06
9342,2.51
8464,3.36
9803,2.8
8907,2.51
8465,3.06
9343,3.38
9804,2.78
8908,2.52
8466,3.06
9344,3.36
9805,2.52
8467,2.79
8909,3.06
9345,2.51
8468,3.36
9806,2.78
8910,3.06
9346,2.52
8469,2.8
8911,3.37
9807,3.05
9347,2.52
8470,2.78
8912,3.37
9808,2.52
8471,3.06
9348,2.79
8913,2.52
8472,3.37
9809,3.07
9349,2.79
8914,2.51
8473,3.37
9810,3.06
9350,2.78
8915,2.53
8474,3.38
9811,3.07
9351,2.81
8916,2.52
8475,2.78
8917,3.05
9352,3.07
9812,2.52
8476,2.79
8918,2.52
8477,3.06
9353,3.37
9813,2.51
8478,2.79
8919,3.06
9354,3.37
9814,2.53
8479,2.81
8920,3.08
9355,3.37
9815,2.53
8480,2.79
8921,3.07
9356,2.52
8481,3.38
9816,2.79
8922,2.52
8482,3.07
9357,2.79
8923,3.4
9817,2.54
8483,3.07
9358,2.82
8924,2.53
8484,3.38
9818,3.06
9359,2.79
8925,2.53
8485,3.38
9819,3.07
9360,2.8
8926,2.55
8486,3.39
9820,3.1
9361,2.8
8927,2.53
8487,2.54
8488,3.39
9821,2.83
8928,3.08
9362,2.53
8489,2.8
8929,3.08
9363,3.38
9822,2.54
8490,2.81
8930,3.08
9364,3.38
9823,2.52
8491,2.8
8931,3.07
9365,2.53
8492,3.39
9824,2.8
8932,3.09
9366,2.54
8493,3.39
9825,2.82
8933,2.54
8494,3.07
9367,3.39
9826,2.8
8934,2.53
8495,3.08
9368,2.8
8935,2.54
8496,3.39
9827,3.07
9369,2.8
8936,2.54
8497,3.39
9828,3.08
9370,2.54
8498,2.82
8937,3.39
9829,2.54
8499,3.08
9371,2.81
8938,2.54
8938,3.37
9830,2.66
8939,2.91
9372,2.04
8940,2.48
9831,2.24
9373,2.05
8941,2.24
9374,2.47
9832,2.04
8942,2.26
9375,2.49
9833,2.06
8943,2.25
9376,2.47
9834,2.05
8944,2.25
9377,2.48
9835,2.05
8945,2.25
9378,2.06
8946,2.47
9836,2.35
9379,2.04
8947,2.47
9837,2.24
9380,2.05
8948,2.47
9838,2.24
9381,2.04
8949,2.46
9839,2.06
8950,2.24
9382,2.47
9840,2.05
8951,2.25
9383,2.04
8952,2.46
9841,2.24
9384,2.04
8953,2.47
9842,2.25
9385,2.05
8954,2.25
9386,2.47
9843,2.05
8955,2.24
9387,2.47
9844,2.04
8956,2.24
9388,2.47
9845,2.05
8957,2.25
9389,2.05
8958,2.48
9846,2.25
9390,2.07
8959,2.47
9847,2.24
9391,2.04
8960,2.46
9848,2.05
8961,2.24
9392,2.47
9849,2.05
8962,2.25
9393,2.47
9850,2.07
8963,2.26
9394,2.06
8964,2.47
9851,2.25
9395,2.05
8965,2.48
9852,2.26
9396,2.05
8966,2.25
9397,2.48
9853,2.05
8967,2.26
9398,2.49
9854,2.07
8968,2.26
9399,2.48
9855,2.06
8969,2.25
9400,2.04
8970,2.48
9856,2.25
9401,2.05
8971,2.47
9857,2.25
9402,2.07
8972,2.48
9858,2.05
8973,2.28
9403,2.5
9859,2.08
8974,2.26
9404,2.05
8975,2.48
9860,2.25
9405,2.05
8976,2.48
9861,2.26
9406,2.07
8977,2.48
9862,2.25
9407,2.05
8978,2.25
9408,2.47
9863,2.05
8979,2.25
9409,2.48
9864,2.05
8980,2.27
9410,2.49
9865,2.41
8981,2.26
9411,2.48
9866,3.2
8982,2.26
9412,2.48
9867,2.25
9413,3.2
8983,2.47
9868,2.26
9414,2.54
8984,2.49
9869,2.26
9415,2.06
8985,2.48
9870,2.26
9416,2.06
8986,2.48
9871,2.26
9417,2.06
8987,2.49
9872,2.08
8988,2.27
9418,2.06
8989,2.26
9419,2.48
9873,2.06
8990,2.26
9420,2.49
9874,2.05
8991,2.25
9421,2.47
9875,2.07
8992,2.26
9422,2.48
9876,2.07
8993,2.26
9423,2.5
9877,2.07
8994,2.26
9424,2.05
8995,2.48
9878,2.26
9425,2.06
8996,2.49
9879,2.26
9426,2.07
8997,2.49
9880,2.27
9427,2.06
8998,2.49
9881,2.26
9428,2.07
8999,2.06
8999,2.48
9882,2.21
9429,1.46
9430,1.61
9883,1.42
9431,1.56
9884,1.42
9432,1.56
9885,1.42
9433,1.56
9886,1.43
9434,1.57
9887,1.43
9435,1.57
9888,1.43
9436,1.57
9889,1.42
9437,1.57
9890,1.43
9438,1.64
9891,1.43
9439,1.58
9892,1.43
9440,1.44
9441,1.58
9893,1.43
9442,1.57
9894,1.43
9443,1.57
9895,1.43
9444,1.57
9896,1.43
9445,1.56
9897,1.43
9446,1.57
9898,1.43
9447,1.58
9899,1.43
9448,1.56
9900,1.43
9449,1.6
9901,1.45
9450,1.58
9902,1.44
9451,1.43
9452,1.57
9903,1.44
9453,1.58
9904,1.43
9454,1.57
9905,1.43
9455,1.58
9906,1.48
9456,1.62
9907,1.48
9457,1.63
9908,1.47
9458,1.63
9909,1.48
9459,1.59
9910,1.45
9460,1.58
9911,1.45
9461,1.58
9912,1.43
9462,1.44
9463,1.58
9913,1.45
9464,1.58
9914,1.46
9465,1.61
9915,1.45
9466,1.58
9916,1.46
9467,1.59
9917,1.44
9468,1.57
9918,1.43
9469,1.58
9919,1.43
9470,1.62
9920,1.49
9471,1.6
9921,1.46
9472,1.59
9922,1.45
9473,1.47
9474,1.62
9923,1.49
9475,1.62
9924,1.46
9476,1.61
9925,1.45
9477,1.58
9926,1.44
9478,1.58
9927,1.44
9479,1.58
9928,1.44
9480,1.58
9929,1.44
9481,1.58
9930,1.44
9482,1.58
9931,1.44
9483,1.58
9932,1.44
9484,1.59
9933,1.45
9485,1.44
9486,1.58
9934,1.46
9487,1.59
9935,1.44
9488,1.58
9936,1.45
9489,1.58
9937,1.44
9490,1.58
9938,1.44
9491,1.58
9939,1.44
9492,1.58
9940,1.45
9493,1.57
9941,1.44
9494,1.58
9942,1.44
9495,1.57
9943,1.44
9496,1.46
9497,1.6
9944,1.44
9498,1.58
9945,1.44
9499,1.58
9946,1.44
9946,1.34
9947,0.79
9948,0.79
9949,0.79
9950,0.79
9951,0.8
9952,0.79
9953,0.79
9954,0.79
9955,0.79
9956,0.79
9957,0.79
9958,0.8
9959,0.79
9960,0.8
9961,0.79
9962,0.79
9963,0.79
9964,0.79
9965,0.8
9966,0.79
9967,0.79
9968,0.79
9969,0.8
9970,0.8
9971,0.8
9972,0.79
9973,0.79
9974,0.8
9975,0.79
9976,0.8
9977,0.79
9978,0.8
9979,0.8
9980,0.8
9981,0.79
9982,0.79
9983,0.8
9984,0.8
9985,0.8
9986,0.79
9987,0.8
9988,0.79
9989,0.8
9990,0.79
9991,0.8
9992,0.79
9993,0.8
9994,0.81
9995,0.8
9996,0.8
9997,0.8
9998,0.8
9999,0.8
